1 0.000000 0.000
2 -22.276232 0.663
3 -26.882230 1.130
4 41.058693 1.395
5 49.975275 1.896
6 16.346127 0.925
7 0.565879 0.213
8 1.215641 0.174
9 6.876578 0.110
10 8.050475 0.223
11 5.236492 0.334
12 -18.754272 0.809
13 -12.555225 0.692
14 -11.208476 0.742
15 -14.438991 0.855
16 -17.436685 1.098
17 -16.066177 1.431
18 -19.183191 1.357
19 44.695238 1.636
20 41.681823 1.610
21 50.107638 1.830
22 -0.075110 0.268
23 0.329050 0.211
24 12.761783 0.224
25 14.890096 0.500
26 9.394375 0.667
27 -17.443606 0.978
28 -4.144043 0.535
29 -1.668786 0.822
30 -8.591840 1.098
31 -8.772217 1.138
32 -6.190806 1.713
33 -12.456201 1.673
34 47.440733 1.923
35 41.240633 1.649
36 49.007508 1.494
37 -1.379544 0.271
38 -1.233006 0.286
39 18.107243 0.351
40 21.217256 0.755
41 12.717016 0.990
42 -16.851151 1.087
43 3.654881 0.472
44 7.151831 1.076
45 -3.474234 1.303
46 -0.484222 1.286
47 3.107041 1.999
48 -6.590185 1.909
49 49.523575 2.085
50 39.862187 1.621
51 46.931179 1.303
52 -3.150674 0.289
53 -3.491820 0.417
54 22.897158 0.452
55 26.921314 0.894
56 15.248680 1.236
57 -16.951986 1.129
58 10.867045 0.525
59 15.293801 1.256
60 1.011005 1.396
61 7.267743 1.379
62 11.776676 2.168
63 -1.316973 1.994
64 51.078051 2.156
65 37.855738 1.536
66 44.259811 1.236
67 -5.185179 0.321
68 -6.232999 0.514
69 27.212426 0.524
70 32.129581 0.983
71 17.118809 1.338
72 -17.509768 1.129
73 17.532157 0.609
74 22.925188 1.349
75 5.014709 1.434
76 14.602267 1.422
77 19.962329 2.253
78 3.576490 2.019
79 52.225697 2.201
80 35.451352 1.425
81 41.158473 1.208
82 -7.403415 0.356
83 -9.290084 0.593
84 31.216898 0.611
85 36.961791 1.034
86 18.443741 1.354
87 -18.213437 1.091
88 23.818443 0.706
89 30.221549 1.391
90 8.714200 1.445
91 21.673935 1.438
92 27.857042 2.323
93 8.184485 2.003
94 53.024699 2.233
95 32.667613 1.305
96 37.503118 1.223
97 -10.003839 0.380
98 -12.783565 0.691
99 34.866951 0.755
100 41.408691 1.087
101 19.231165 1.310
102 -19.258617 0.992
103 29.650929 0.773
104 37.041209 1.354
105 12.008702 1.412
106 28.374713 1.462
107 35.280992 2.392
108 12.269082 1.911
109 53.429927 2.236
110 29.422281 1.210
111 33.253457 1.227
112 -13.079003 0.361
113 -16.755909 0.810
114 37.883481 1.040
115 45.344304 1.252
116 19.451271 1.231
117 -20.965375 0.849
118 34.813933 0.842
119 43.043037 1.291
120 14.703990 1.343
121 34.504982 1.416
122 41.912080 2.403
123 15.522848 1.729
124 53.216553 2.151
125 25.646708 1.122
126 28.309488 1.146
127 -16.678592 0.368
128 -21.167758 0.943
129 39.996245 1.219
130 48.390205 1.696
131 18.733211 1.106
132 -23.399859 0.926
133 39.066936 0.983
134 47.830236 1.486
135 16.455574 1.196
136 39.573740 1.191
137 47.539080 2.391
138 17.247082 1.299
139 52.223602 2.012
140 21.377628 0.964
141 22.587990 1.015
