1 0.000000 0.000
2 -21.752244 0.975
3 -26.490973 1.162
4 41.959431 0.552
5 50.676567 0.338
6 17.550424 0.670
7 0.405441 0.265
8 1.599054 1.175
9 7.181410 0.247
10 8.040632 0.427
11 5.029180 0.230
12 -18.828284 1.399
13 -12.856951 0.758
14 -11.505702 0.913
15 -14.503614 1.132
16 -16.991570 1.333
17 -15.702080 1.260
18 -18.969439 1.024
19 45.871198 0.507
20 42.674828 0.503
21 50.951228 0.586
22 0.165592 0.882
23 1.023532 1.533
24 13.062319 0.364
25 15.067055 0.686
26 8.721613 0.235
27 -17.469637 1.249
28 -4.813465 0.670
29 -1.959292 0.938
30 -8.483454 1.240
31 -7.989975 1.589
32 -5.824794 1.360
33 -12.176953 0.901
34 48.792756 0.389
35 42.257505 0.676
36 49.810167 0.966
37 -1.134852 1.060
38 -0.398382 1.394
39 18.347569 0.449
40 21.271722 0.858
41 11.826121 0.313
42 -16.805743 1.126
43 2.830217 0.650
44 7.055158 1.073
45 -3.313804 1.270
46 0.637439 1.844
47 3.436107 1.545
48 -5.983192 1.005
49 50.712635 0.423
50 40.885530 0.849
51 47.817178 1.178
52 -2.997292 1.038
53 -2.712039 1.160
54 23.150255 0.476
55 26.831269 0.965
56 14.321218 0.431
57 -16.930088 1.044
58 10.087030 0.668
59 15.209717 1.182
60 1.194696 1.266
61 8.612810 2.018
62 11.975982 1.698
63 -0.372702 1.315
64 52.077699 0.481
65 38.882178 0.893
66 45.162930 1.280
67 -5.130587 0.989
68 -5.597364 0.965
69 27.522736 0.457
70 32.005039 1.015
71 16.215651 0.477
72 -17.572551 0.993
73 16.935299 0.684
74 22.810437 1.218
75 5.231814 1.275
76 16.066831 2.165
77 20.067266 1.737
78 4.719561 1.626
79 53.075422 0.532
80 36.501862 0.900
81 42.040230 1.322
82 -7.485086 0.924
83 -8.830092 0.810
84 31.582657 0.429
85 36.878469 0.995
86 17.666294 0.461
87 -18.362271 0.951
88 23.483851 0.683
89 30.132985 1.222
90 9.034989 1.272
91 23.220490 2.300
92 27.989080 1.756
93 9.443713 1.817
94 53.757692 0.539
95 33.767474 0.890
96 38.480098 1.297
97 -10.270259 0.882
98 -12.459751 0.734
99 35.279916 0.369
100 41.409605 0.865
101 18.675758 0.426
102 -19.423047 0.940
103 29.576777 0.648
104 37.068880 1.188
105 12.497448 1.168
106 29.980649 2.353
107 35.559237 1.761
108 13.641084 1.935
109 54.045662 0.470
110 30.564715 0.899
111 34.327279 1.164
112 -13.525924 0.867
113 -16.495579 0.757
114 38.455530 0.337
115 45.467279 0.614
116 19.232940 0.427
117 -21.013607 0.986
118 35.009237 0.591
119 43.118094 0.951
120 15.126930 0.941
121 35.891006 1.971
122 42.532745 1.581
123 16.781042 1.938
124 53.669596 0.337
125 26.833193 0.966
126 29.389119 0.960
127 -17.084763 0.872
128 -20.921810 0.886
129 40.790591 0.526
130 48.857284 0.378
131 19.228115 0.419
132 -23.209265 1.089
133 39.619770 0.534
134 48.116962 0.701
135 16.888226 0.869
136 40.559839 1.380
137 48.528690 1.023
138 18.292090 1.472
139 52.626958 0.370
140 22.677513 0.972
141 23.735096 0.775
