1 0.000000
2 -21.921690
3 -27.186660
4 43.019282
5 49.941910
6 16.794160
7 0.451984
8 0.905189
9 6.761231
10 8.119536
11 4.841484
12 -18.773302
13 -12.142014
14 -10.606128
15 -13.565069
16 -17.216533
17 -16.041284
18 -19.109803
19 46.301623
20 43.568999
21 50.281911
22 0.469238
23 0.011448
24 12.814758
25 15.002011
26 8.644802
27 -17.449280
28 -3.716604
29 -1.207588
30 -7.506658
31 -8.452132
32 -6.010323
33 -12.354475
34 48.947580
35 42.945336
36 49.277989
37 -0.424437
38 -1.661698
39 18.323273
40 21.205503
41 11.805083
42 -17.015141
43 3.945345
44 7.378385
45 -2.371967
46 -0.196831
47 3.423017
48 -6.273219
49 51.107725
50 41.566875
51 47.486385
52 -2.159924
53 -3.989427
54 23.279273
55 26.865860
56 14.268360
57 -17.293683
58 10.992277
59 15.345909
60 2.204392
61 7.565966
62 12.144029
63 -0.892737
64 52.633645
65 39.605413
66 44.979473
67 -4.233516
68 -6.721182
69 27.783750
70 32.003796
71 16.198430
72 -17.972648
73 17.651335
74 22.723203
75 6.342211
76 14.971988
77 20.339374
78 4.021917
79 53.632494
80 37.256072
81 41.902352
82 -6.477287
83 -9.706652
84 31.927984
85 36.700365
86 17.719208
87 -18.686153
88 24.091970
89 29.684863
90 10.053208
91 22.112937
92 28.162544
93 8.567285
94 54.112200
95 34.450495
96 38.352875
97 -9.038894
98 -13.096978
99 35.767184
100 40.966933
101 18.709737
102 -19.660238
103 30.217649
104 36.197806
105 13.169096
106 28.857499
107 35.394260
108 12.557681
109 53.940599
110 30.932972
111 34.269757
112 -12.159492
113 -16.953971
114 39.131075
115 44.765498
116 18.983272
117 -21.331580
118 35.746938
119 41.987661
120 15.520619
121 35.031391
122 41.886886
123 15.757449
124 53.170609
125 26.782603
126 29.350324
127 -16.262384
128 -21.254695
129 41.526746
130 47.980875
131 18.509352
132 -23.819847
133 40.532656
134 46.819096
135 17.055558
136 40.374155
137 47.620707
138 18.009206
139 51.935841
140 22.125828
141 23.615824
