0 8.000000 150
1 -15.742506 149
2 -26.197918 149
3 -13.237542 149
4 -2.798874 149
5 -30.341513 149
6 5.648250 150
7 0.015313 149
8 5.275290 150
9 5.456262 150
10 2.626476 150
11 -17.768251 149
12 -16.704223 149
13 -16.371541 149
14 -21.041052 148
15 -28.127495 148
16 -25.808650 149
17 -28.193289 149
18 -14.020797 149
19 -18.847676 148
20 -7.491804 149
21 -0.565388 149
22 -3.517171 149
23 -0.889583 149
24 0.030094 149
25 -5.589533 149
26 -21.340799 148
27 -16.973431 149
28 -15.951695 149
29 -21.369701 149
30 -27.502003 148
31 -24.484137 149
32 -29.445187 149
33 -13.849119 149
34 -21.487888 148
35 -11.358550 149
36 -2.703323 149
37 -6.831215 149
38 -2.853484 149
39 -1.033408 149
40 -9.456387 149
41 -20.734948 149
42 -17.041236 149
43 -15.116342 149
44 -23.331084 149
45 -26.703325 148
46 -22.781944 149
47 -30.431618 149
48 -13.370717 149
49 -21.826381 149
50 -14.918030 149
51 -4.724039 149
52 -9.913754 149
53 -4.603875 149
54 -1.726226 149
55 -12.914060 149
56 -21.908910 149
57 -16.899147 149
58 -13.907276 149
59 -24.901537 149
60 -23.690278 149
61 -20.682083 149
62 -31.071694 149
63 -12.540398 149
64 -23.790976 149
65 -18.134900 149
66 -6.648779 149
67 -12.795045 149
68 -6.181540 149
69 -2.121809 149
70 -16.056535 149
71 -22.890034 149
72 -16.583693 149
73 -12.405857 149
74 -26.155294 149
75 -22.480563 149
76 -18.271002 149
77 -31.420294 149
78 -11.424876 149
79 -28.442219 147
80 -21.039507 149
81 -8.523012 149
82 -15.574296 149
83 -3.672607 150
84 -2.373333 149
85 -19.050469 149
86 -23.759447 149
87 -18.161417 148
88 -10.747162 149
89 -27.237232 149
90 -23.117534 148
91 -15.665585 149
92 -31.584703 149
93 -10.137627 149
94 -29.897281 147
95 -23.692014 149
96 -10.358013 149
97 -18.292177 149
98 -9.106815 149
99 -2.547257 149
100 -21.960940 149
101 -24.529398 149
102 -15.632507 149
103 -8.964749 149
104 -28.190934 149
105 -21.549645 148
106 -12.850719 149
107 -31.572925 149
108 -8.681065 149
109 -30.153435 148
110 -22.034418 150
111 -12.152166 149
112 -20.952389 149
113 -10.486014 149
114 -2.651119 149
115 -24.794989 149
116 -25.195839 149
117 -14.983582 149
118 -7.050203 149
119 -29.017201 149
120 -17.745663 149
121 -9.787724 149
122 -31.378792 149
123 -7.040227 149
124 -31.191562 148
125 -28.029752 149
126 -13.928750 149
127 -23.572084 149
128 -11.843043 149
129 -2.714783 149
130 -27.572173 149
131 -25.773595 149
132 -14.228327 149
133 -5.024115 149
134 -29.745872 149
135 -15.736291 149
136 -6.491533 149
137 -31.015329 149
138 -5.230175 149
139 -30.038190 149
140 -29.695044 149
