0 8.000000 121
1 -11.824404 121
2 -22.377835 121
3 -9.151424 121
4 -2.709571 120
5 -30.369826 120
6 13.595262 122
7 11.945453 122
8 13.274774 122
9 1.496567 120
10 2.568243 121
11 -13.910671 121
12 -12.799714 121
13 -16.390399 120
14 -15.128824 121
15 -22.332268 121
16 -21.966150 121
17 -24.318312 121
18 -9.934406 121
19 -12.791488 121
20 -3.569637 121
21 11.370203 122
22 0.358921 121
23 11.142502 122
24 0.105418 120
25 -5.638203 120
26 -15.503669 121
27 -5.032748 122
28 -15.910658 120
29 -21.436097 120
30 -21.686220 121
31 -20.621732 121
32 -25.537180 121
33 -9.762830 121
34 -15.444610 121
35 -11.493866 120
36 9.227511 122
37 5.028816 122
38 1.201388 121
39 -0.951643 120
40 -5.509814 121
41 -16.900328 121
42 -13.070945 121
43 -15.054840 120
44 -23.390181 120
45 -20.864533 121
46 -22.892970 120
47 -30.510010 120
48 -13.277806 120
49 -21.820693 120
50 -17.077022 119
51 7.205805 122
52 -6.055792 121
53 7.455624 122
54 -1.642036 120
55 -12.964956 120
56 -18.075600 121
57 -12.913627 121
58 -13.831739 120
59 -24.964270 120
60 -19.827971 121
61 -20.766793 120
62 -31.145586 120
63 -12.440829 120
64 -23.816393 120
65 -18.290238 120
66 5.279711 122
67 -8.939529 121
68 -2.117915 121
69 -2.038935 120
70 -16.103416 120
71 -19.062155 121
72 -12.586977 121
73 -12.322302 120
74 -26.221249 120
75 -18.596661 121
76 -14.334938 121
77 -31.485726 120
78 -11.322676 120
79 -25.482913 120
80 -23.187677 119
81 3.403048 122
82 -11.723701 121
83 -3.603764 121
84 -2.291910 120
85 -19.094829 120
86 -19.937841 121
87 -12.154197 121
88 -10.660980 120
89 -27.303958 120
90 -21.212900 120
91 -11.711736 121
92 -27.641220 121
93 -10.037660 120
94 -26.946294 120
95 -26.826866 118
96 1.565767 122
97 -14.447802 121
98 -5.032381 121
99 -2.464995 120
100 -22.001730 120
101 -20.712946 121
102 -11.615100 121
103 -8.877674 120
104 -28.255132 120
105 -19.620725 120
106 -12.879008 120
107 -31.622672 120
108 -8.590995 120
109 -28.207665 120
110 -29.147021 118
111 -0.229652 122
112 -9.114753 122
113 -6.406005 121
114 -2.565223 120
115 -24.830724 120
116 -21.382408 121
117 -10.957060 121
118 -6.961834 120
119 -29.075906 120
120 -13.787751 121
121 -9.794699 120
122 -31.428042 120
123 -6.959910 120
124 -29.249032 120
125 -30.114904 119
126 -10.008011 121
127 -11.742252 122
128 -7.758991 121
129 -2.625464 120
130 -27.603214 120
131 -21.959825 121
132 -2.186953 122
133 -4.937533 120
134 -31.797677 119
135 -11.734898 121
136 -2.473588 121
137 -31.066697 120
138 -5.148089 120
139 -30.098752 120
140 -31.757544 119
