0 8.000000 114
1 -11.807927 114
2 -22.394900 114
3 -13.139975 113
4 -4.654697 112
5 -30.295452 113
6 5.623760 114
7 3.968760 114
8 5.254163 114
9 5.499298 114
10 -1.404809 113
11 -13.893257 114
12 -12.790668 114
13 -12.382223 114
14 -15.127181 114
15 -22.384238 114
16 -21.991734 114
17 -24.308153 114
18 -13.913934 113
19 -12.789930 114
20 -9.521474 112
21 3.401356 114
22 -3.622170 113
23 3.125499 114
24 4.121288 114
25 -1.596565 114
26 -15.493129 114
27 -13.030729 114
28 -15.901508 113
29 -9.427369 115
30 -25.734375 113
31 -20.618177 114
32 -25.516239 114
33 -13.731362 113
34 -15.435600 114
35 -14.417484 111
36 1.256668 114
37 -2.962032 114
38 1.191315 114
39 -0.924098 113
40 -5.464521 114
41 -16.897377 114
42 -13.068928 114
43 -15.041434 113
44 -19.369619 114
45 -24.904387 113
46 -18.869471 114
47 -30.482320 113
48 -13.238393 113
49 -17.801880 114
50 -16.988186 112
51 -0.766698 114
52 -6.054255 114
53 -4.550010 113
54 -1.609669 113
55 -8.919140 114
56 -18.080922 114
57 -12.907040 114
58 -13.807087 113
59 -20.928535 114
60 -23.857765 113
61 -20.729666 113
62 -31.110477 113
63 -12.396094 113
64 -19.795646 114
65 -20.198579 112
66 -2.694336 114
67 -8.942567 114
68 -6.119776 113
69 -2.002170 113
70 -12.054652 114
71 -19.074245 114
72 -12.576365 114
73 -12.288857 113
74 -22.173615 114
75 -18.617629 114
76 -18.288477 113
77 -31.445429 113
78 -11.272014 113
79 -21.460775 114
80 -23.097485 112
81 -4.572745 114
82 -11.730444 114
83 -7.602013 113
84 -2.251104 113
85 -15.042260 114
86 -19.955688 114
87 -12.140642 114
88 -10.619919 113
89 -23.246960 114
90 -17.224174 114
91 -15.658326 113
92 -27.597513 114
93 -9.981782 113
94 -22.921416 114
95 -25.742732 112
96 -6.411788 114
97 -14.457727 114
98 -9.026944 113
99 -4.420083 112
100 -17.943979 114
101 -20.735304 114
102 -11.599967 114
103 -8.829413 113
104 -24.189019 114
105 -15.619965 114
106 -14.818182 112
107 -27.574088 114
108 -8.530499 113
109 -24.177254 114
110 -28.070726 112
111 -8.208617 114
112 -17.127179 114
113 -10.396812 113
114 -2.516135 113
115 -24.766930 113
116 -21.405755 114
117 -14.942333 113
118 -6.908127 113
119 -25.003075 114
120 -17.779846 113
121 -9.727161 113
122 -27.372824 114
123 -8.895766 112
124 -25.208767 114
125 -24.050577 114
126 -9.988747 114
127 -19.756936 114
128 -11.747432 113
129 -2.572885 113
130 -27.533650 113
131 -13.981060 115
132 -14.175635 113
133 -4.881143 113
134 -25.722725 114
135 -15.730948 113
136 -8.412524 112
137 -31.005070 113
138 -7.084043 112
139 -26.044712 114
140 -29.707604 113
