0 16.000000 80
1 -15.853913 78
2 -22.688939 79
3 -9.146918 79
4 -5.274526 76
5 -30.144624 78
6 5.636716 79
7 3.891192 79
8 5.265239 79
9 -0.618628 77
10 2.624378 79
11 -18.040233 78
12 -18.893176 77
13 -18.501180 77
14 -19.185813 78
15 -22.619045 79
16 -22.309894 79
17 -24.599352 79
18 -13.845348 78
19 -12.712922 79
20 -9.249322 77
21 -0.606137 78
22 0.257168 79
23 3.119176 79
24 -1.889499 77
25 -1.501081 79
26 -19.714233 78
27 -17.121856 78
28 -18.948211 76
29 -17.390319 79
30 -21.924473 79
31 -24.861170 78
32 -25.714187 79
33 -13.570171 78
34 -19.298451 78
35 -13.107613 77
36 -2.766368 78
37 -3.125249 79
38 1.186751 79
39 -3.821949 76
40 -9.336737 78
41 -23.151435 77
42 -17.147099 78
43 -16.999475 77
44 -23.271525 78
45 -21.045097 79
46 -18.991799 79
47 -26.589349 79
48 -12.998150 78
49 -23.612572 77
50 -16.617386 77
51 -4.790915 78
52 -6.253687 79
53 -0.552095 79
54 -3.424732 77
55 -12.773035 78
56 -22.347915 78
57 -16.971543 78
58 -15.697942 77
59 -24.807888 78
60 -19.952852 79
61 -16.754174 79
62 -31.148106 78
63 -12.092104 78
64 -25.581459 77
65 -17.805383 78
66 -6.719842 78
67 -9.165371 79
68 -2.121767 79
69 -3.763037 77
70 -11.904229 79
71 -25.349457 77
72 -16.629994 78
73 -12.129010 78
74 -26.041454 78
75 -18.682883 79
76 -18.245442 78
77 -31.439726 78
78 -10.923112 78
79 -28.256089 76
80 -22.716030 77
81 -8.602357 78
82 -11.970439 79
83 -3.605996 79
84 -4.973638 76
85 -14.890763 79
86 -24.237672 78
87 -18.181862 77
88 -12.419290 77
89 -27.109262 78
90 -17.266760 79
91 -15.554876 78
92 -31.563803 78
93 -9.604447 78
94 -28.743497 77
95 -25.402535 77
96 -12.445686 77
97 -6.711931 80
98 -5.032995 79
99 -4.108372 77
100 -17.791431 79
101 -25.022942 78
102 -15.621857 78
103 -10.588541 77
104 -28.048107 78
105 -15.639789 79
106 -12.649845 78
107 -31.516563 78
108 -10.138316 77
109 -30.036780 77
110 -25.804666 78
111 -12.244161 78
112 -17.393312 79
113 -6.401878 79
114 -4.172597 77
115 -24.612103 78
116 -25.696750 78
117 -14.940753 78
118 -6.624927 78
119 -28.860828 78
120 -17.782838 78
121 -11.504229 77
122 -27.286228 79
123 -8.498563 77
124 -31.104334 77
125 -29.861595 77
126 -14.027809 78
127 -20.035779 79
128 0.248693 80
129 -5.205500 76
130 -27.378986 78
131 -22.276286 79
132 -10.160610 79
133 -6.560637 77
134 -29.586170 78
135 -11.730303 79
136 -9.143266 76
137 -30.895051 78
138 -6.676909 77
139 -31.962523 77
140 -29.570435 78
