0 4.000000 128
1 -15.796165 128
2 -22.277819 129
3 -13.194328 128
4 -5.702118 126
5 -30.346213 128
6 1.600691 128
7 -0.013582 128
8 1.286017 128
9 -0.477258 127
10 -1.411473 128
11 -17.848265 128
12 -16.771987 128
13 -18.346404 127
14 -19.117713 128
15 -26.243813 128
16 -27.869981 127
17 -28.265698 128
18 -16.962234 126
19 -18.826087 127
20 -7.576763 128
21 -0.618135 128
22 -3.571549 128
23 -0.853757 128
24 -1.877536 127
25 -5.621957 128
26 -19.426296 128
27 -17.016578 128
28 -18.878465 126
29 -21.426252 128
30 -21.610618 129
31 -26.557716 127
32 -29.503363 128
33 -16.778555 126
34 -19.477634 128
35 -11.492922 128
36 -2.756181 128
37 -6.895181 128
38 -2.807732 128
39 -3.941004 126
40 -9.496284 128
41 -16.818953 129
42 -17.064973 128
43 -18.030166 126
44 -23.373380 128
45 -24.796966 128
46 -24.851047 127
47 -30.480169 128
48 -16.292876 126
49 -21.849499 128
50 -11.065837 129
51 -4.775150 128
52 -9.979838 128
53 -4.560513 128
54 -4.634171 126
55 -12.954142 128
56 -21.991828 128
57 -16.916891 128
58 -15.816446 127
59 -24.942681 128
60 -23.770738 128
61 -23.731456 126
62 -31.118870 128
63 -14.459402 127
64 -23.839418 128
65 -18.272584 128
66 -6.699012 128
67 -12.862675 128
68 -6.139675 128
69 -5.031915 126
70 -16.092307 128
71 -22.974381 128
72 -16.598188 128
73 -15.313837 126
74 -26.196728 128
75 -22.551408 128
76 -21.304051 126
77 -31.463132 128
78 -11.340872 128
79 -25.499020 128
80 -21.164226 128
81 -8.573553 128
82 -15.643590 128
83 -7.630517 128
84 -4.285045 127
85 -19.081371 128
86 -23.845870 128
87 -16.172024 128
88 -13.655968 126
89 -27.277294 128
90 -21.181140 128
91 -18.685122 126
92 -31.620689 128
93 -13.052019 126
94 -26.955354 128
95 -23.799776 128
96 -10.409071 128
97 -18.363582 128
98 -9.064007 128
99 -5.458052 126
100 -21.985731 128
101 -24.618045 128
102 -15.638272 128
103 -10.874338 127
104 -28.228124 128
105 -19.604637 128
106 -15.855976 126
107 -31.601733 128
108 -10.596631 127
109 -28.210008 128
110 -26.122321 128
111 -12.203499 128
112 -21.026046 128
113 -10.442372 128
114 -4.558451 127
115 -24.812368 128
116 -21.286080 129
117 -14.983840 128
118 -8.959962 127
119 -29.049725 128
120 -17.782063 128
121 -12.774064 126
122 -31.405119 128
123 -6.955124 128
124 -29.245288 128
125 -28.095371 128
126 -13.980967 128
127 -23.648408 128
128 -11.799273 128
129 -4.618795 127
130 -27.582403 128
131 -25.862112 128
132 -14.217004 128
133 -6.934572 127
134 -29.770608 128
135 -15.742061 128
136 -8.451475 127
137 -31.042044 128
138 -5.137303 128
139 -30.084175 128
140 -29.738804 128
