0 2.000000 170
1 -17.733816 170
2 -28.005664 170
3 -15.248103 170
4 -4.875131 170
5 -32.268084 170
6 -0.342162 170
7 -1.925326 170
8 1.288054 171
9 -1.556649 169
10 -1.366558 171
11 -19.679002 170
12 -18.686378 170
13 -19.364532 169
14 -18.999373 171
15 -25.949759 171
16 -25.576977 171
17 -27.972675 171
18 -16.079601 170
19 -18.884561 170
20 -7.543167 171
21 -2.555724 170
22 -5.415069 170
23 -2.872411 170
24 -1.998251 170
25 -5.573269 171
26 -22.218938 169
27 -18.964048 170
28 -17.959880 170
29 -21.326496 171
30 -25.348769 171
31 -26.259126 170
32 -29.260762 171
33 -15.917142 170
34 -19.547479 171
35 -11.384561 171
36 -4.691492 170
37 -8.705184 170
38 -4.837919 170
39 -3.070963 170
40 -5.434591 172
41 -23.594023 169
42 -19.039778 170
43 -17.154023 170
44 -23.287668 171
45 -24.568438 171
46 -24.606084 170
47 -30.289956 171
48 -13.447152 171
49 -23.890842 170
50 -16.944419 170
51 -4.710800 171
52 -12.771233 169
53 -6.593434 170
54 -3.772058 170
55 -14.891867 170
56 -21.753903 171
57 -18.904635 170
58 -15.959514 170
59 -26.861973 170
60 -25.569410 170
61 -22.548700 170
62 -32.956529 170
63 -14.623132 170
64 -25.849847 170
65 -20.160545 170
66 -6.634998 171
67 -14.641061 170
68 -8.175000 170
69 -4.175451 170
70 -18.028372 170
71 -25.725116 169
72 -18.593493 170
73 -12.466340 171
74 -28.114810 170
75 -24.375010 170
76 -20.163845 170
77 -33.320428 170
78 -13.506846 170
79 -25.490607 171
80 -23.054304 170
81 -10.509106 170
82 -17.411034 170
83 -9.668548 170
84 -4.433435 170
85 -21.013672 170
86 -25.586418 170
87 -18.174362 170
88 -12.813201 170
89 -27.192742 171
90 -23.027368 170
91 -17.582666 170
92 -33.495040 170
93 -12.217174 170
94 -26.931961 171
95 -25.693218 170
96 -10.344774 171
97 -20.120533 170
98 -11.105757 170
99 -4.613388 170
100 -23.915321 170
101 -24.348975 171
102 -17.648323 170
103 -11.034082 170
104 -30.140698 170
105 -21.472359 170
106 -14.799103 170
107 -33.491632 170
108 -8.757480 171
109 -28.171340 171
110 -28.020418 170
111 -12.140529 171
112 -22.772978 170
113 -12.489192 170
114 -4.722839 170
115 -27.740843 169
116 -25.009109 171
117 -17.000690 170
118 -7.121637 171
119 -30.959416 170
120 -19.675946 170
121 -11.774666 170
122 -33.305388 170
123 -7.112513 171
124 -31.187901 170
125 -29.993274 170
126 -15.918758 170
127 -25.385765 170
128 -13.850304 170
129 -4.790319 170
130 -29.508806 170
131 -27.581663 170
132 -16.244024 170
133 -5.098122 171
134 -31.676910 170
135 -17.677285 170
136 -8.517619 170
137 -32.942429 170
138 -5.302452 171
139 -30.003493 171
140 -31.631653 170
