0 2.000000 156
1 -17.744283 156
2 -26.142161 157
3 -16.237526 155
4 -4.844686 156
5 -30.362472 157
6 -0.350315 156
7 0.031630 157
8 -0.706145 156
9 -0.540921 156
10 -1.385806 157
11 -19.747125 156
12 -18.685956 156
13 -18.375851 156
14 -19.049436 157
15 -26.078204 157
16 -25.748701 157
17 -30.134549 156
18 -17.030142 155
19 -19.857387 155
20 -9.526687 156
21 -2.563745 156
22 0.509462 158
23 -2.870985 156
24 -1.975798 156
25 -7.611102 156
26 -21.313278 156
27 -18.956413 156
28 -17.962786 156
29 -21.390311 157
30 -25.458267 157
31 -24.418401 157
32 -31.405387 156
33 -16.868827 155
34 -22.518828 155
35 -13.380190 156
36 -5.701698 155
37 -6.796919 157
38 -5.839919 155
39 -4.044481 155
40 -9.481369 157
41 -22.705936 156
42 -19.027731 156
43 -18.137919 155
44 -25.361089 156
45 -24.663347 157
46 -24.727340 156
47 -30.415476 157
48 -16.405053 155
49 -24.875587 155
50 -16.941642 156
51 -6.723012 156
52 -9.873613 157
53 -7.596493 155
54 -4.742761 155
55 -14.938737 156
56 -21.877099 157
57 -18.888547 156
58 -16.935598 155
59 -26.932331 156
60 -23.653838 157
61 -22.638229 156
62 -33.069146 156
63 -15.583957 155
64 -26.848482 155
65 -20.160779 156
66 -9.647931 155
67 -12.751479 157
68 -9.177298 155
69 -5.144131 155
70 -18.080673 156
71 -22.855151 157
72 -19.574501 155
73 -15.438919 155
74 -28.185356 156
75 -22.447210 157
76 -20.234567 156
77 -33.425077 156
78 -14.471131 155
79 -27.501750 156
80 -23.062648 156
81 -10.522175 156
82 -15.528042 157
83 -9.669386 156
84 -4.401133 156
85 -21.073749 156
86 -23.721216 157
87 -19.152877 155
88 -13.783795 155
89 -29.266607 156
90 -21.086123 157
91 -17.637032 156
92 -33.594077 156
93 -13.184716 155
94 -26.956168 157
95 -25.712806 156
96 -12.357504 156
97 -18.243510 157
98 -11.104412 156
99 -4.580651 156
100 -23.983471 156
101 -24.486984 157
102 -18.624358 155
103 -11.003980 156
104 -30.219275 156
105 -19.518954 157
106 -14.833787 156
107 -34.586000 155
108 -10.728092 156
109 -30.210378 156
110 -28.053158 156
111 -12.152426 157
112 -20.901413 157
113 -12.484880 156
114 -4.689893 156
115 -24.817153 157
116 -25.148055 157
117 -17.975536 155
118 -9.091761 156
119 -31.043221 156
120 -19.712142 156
121 -11.786927 156
122 -33.397391 156
123 -10.086371 155
124 -29.245486 157
125 -30.047140 156
126 -16.929829 155
127 -23.518747 157
128 -13.842916 156
129 -4.757872 156
130 -29.593892 156
131 -25.718934 157
132 -17.221436 155
133 -7.068163 156
134 -31.767058 156
135 -15.702972 157
136 -9.509418 155
137 -33.037298 156
138 -8.277057 155
139 -32.085434 156
140 -31.717257 156
