0 4.000000 64
1 -15.818921 64
2 -26.575376 64
3 -12.930714 64
4 -2.230997 64
5 -29.942724 64
6 1.662849 64
7 -0.090442 64
8 1.365650 64
9 1.462269 64
10 -1.252229 64
11 -18.000601 64
12 -16.829055 64
13 -12.475242 65
14 -19.064861 64
15 -26.514524 64
16 -26.205734 64
17 -30.401353 63
18 -13.619937 64
19 -18.461361 63
20 -7.064380 64
21 -0.560478 64
22 -3.669732 64
23 -0.726899 64
24 0.211911 64
25 -1.347877 65
26 -19.657502 64
27 -17.005338 64
28 -11.898849 65
29 -21.246340 64
30 -25.814202 64
31 -24.731057 64
32 -31.473222 63
33 -13.381356 64
34 -22.046089 62
35 -12.885681 63
36 -2.706740 64
37 -7.030848 64
38 -2.633585 64
39 -0.733832 64
40 -9.175488 64
41 -21.087076 64
42 -16.995639 64
43 -10.939611 65
44 -23.115790 64
45 -26.929127 63
46 -22.840175 64
47 -32.326707 63
48 -12.820135 64
49 -23.363243 63
50 -16.384594 63
51 -4.727862 64
52 -10.147516 64
53 -4.354692 64
54 -1.350188 64
55 -12.603598 64
56 -24.278833 63
57 -16.804073 64
58 -9.633555 65
59 -24.634539 64
60 -23.823934 64
61 -20.597925 64
62 -32.880457 63
63 -11.910537 64
64 -26.333615 62
65 -19.568812 63
66 -6.657917 64
67 -13.052505 64
68 -5.913708 64
69 -1.692753 64
70 -15.731274 64
71 -23.275363 64
72 -16.456131 64
73 -8.067315 65
74 -25.853585 64
75 -22.534731 64
76 -18.089229 64
77 -33.174176 63
78 -10.742003 64
79 -28.008959 62
80 -22.482799 63
81 -8.543854 64
82 -15.855109 64
83 -7.391199 64
84 -1.906021 64
85 -20.712534 63
86 -24.156491 64
87 -16.005912 64
88 -6.363305 65
89 -26.909767 64
90 -21.094496 64
91 -15.395998 64
92 -33.306082 63
93 -5.429351 65
94 -29.500479 62
95 -25.175164 63
96 -10.392225 64
97 -18.596474 64
98 -8.813449 64
99 -2.043644 64
100 -21.606140 64
101 -24.932454 64
102 -15.446097 64
103 -8.539842 64
104 -27.838401 64
105 -19.438007 64
106 -12.494279 64
107 -31.272888 64
108 -7.973648 64
109 -30.803467 62
110 -27.578041 63
111 -12.196585 64
112 -21.279862 64
113 -10.181562 64
114 1.886302 65
115 -26.419137 63
116 -25.597262 64
117 -14.762871 64
118 -2.582900 65
119 -30.643351 63
120 -19.556397 63
121 -9.371747 64
122 -33.059371 63
123 -6.351904 64
124 -30.889991 63
125 -27.627298 64
126 -13.986907 64
127 -23.923818 64
128 -11.533141 64
129 -2.154329 64
130 -29.180122 63
131 -26.168846 64
132 -13.969785 64
133 -0.520575 65
134 -29.368282 64
135 -15.503375 64
136 -6.044549 64
137 -30.681716 64
138 -4.566450 64
139 -31.769957 63
140 -31.341639 63
