0 8.000000 29
1 -3.613373 30
2 -14.127185 30
3 -12.887092 28
4 1.901007 29
5 -25.623830 29
6 5.731358 29
7 4.113497 29
8 5.341898 29
9 5.660035 29
10 -1.142438 28
11 -13.559900 29
12 -16.607546 28
13 -12.373573 29
14 -14.710094 29
15 -28.107912 27
16 -21.768487 29
17 -27.810644 28
18 -13.568746 28
19 -16.315211 28
20 -6.894515 28
21 3.539438 29
22 0.589825 29
23 3.265108 29
24 4.453108 29
25 -5.084995 28
26 -7.194012 30
27 -16.758277 28
28 -11.896451 29
29 -20.910223 28
30 -27.378808 27
31 -26.185476 27
32 -28.817736 28
33 -13.319636 28
34 -18.864555 28
35 -10.673722 28
36 9.416420 30
37 -2.699310 29
38 1.387932 29
39 3.485836 29
40 -8.781957 28
41 -8.624721 30
42 -16.756137 28
43 -10.944143 29
44 -22.740546 28
45 -26.440541 27
46 -24.254346 27
47 -29.675402 28
48 -12.629942 28
49 -23.151650 27
50 -16.150390 27
51 -0.589621 29
52 -5.774508 29
53 -0.315243 29
54 2.837809 29
55 -12.163265 28
56 -9.820219 30
57 -16.587480 28
58 -9.599487 29
59 -24.219018 28
60 -25.310488 27
61 -22.014517 27
62 -30.275973 28
63 -11.625817 28
64 -25.099168 27
65 -17.337767 28
66 -2.507005 29
67 -8.657328 29
68 -5.868091 28
69 2.476770 29
70 -15.291804 28
71 -18.816084 29
72 -16.255762 28
73 -11.999391 28
74 -25.432989 28
75 -22.032903 28
76 -17.522195 28
77 -26.621052 29
78 -10.417745 28
79 -26.747703 27
80 -20.250919 28
81 3.620595 30
82 -3.441538 30
83 -7.344353 28
84 2.253085 29
85 -18.288553 28
86 -19.695968 29
87 -15.820071 28
88 -6.265257 29
89 -26.496285 28
90 -22.627349 27
91 -16.860931 27
92 -30.799715 28
93 -9.090755 28
94 -29.215971 26
95 -22.931807 28
96 1.785674 30
97 -14.168575 29
98 -8.767598 28
99 2.106587 29
100 -21.200801 28
101 -20.478729 29
102 -15.281170 28
103 -8.413154 28
104 -27.434439 28
105 -19.031966 28
106 -14.014049 27
107 -30.813997 28
108 -7.638933 28
109 -29.500275 27
110 -21.332136 29
111 -0.006976 30
112 -16.841097 29
113 -10.137807 28
114 -1.971860 28
115 -20.033150 29
116 -13.159904 30
117 -14.619944 28
118 -6.426642 28
119 -28.251798 28
120 -17.227787 28
121 -10.960362 27
122 -30.657204 28
123 -6.034616 28
124 -28.571298 28
125 -23.425295 29
126 -9.787154 29
127 -19.477855 29
128 -11.490522 28
129 1.981330 29
130 -22.821097 29
131 -21.747804 29
132 -13.842528 28
133 -4.344992 28
134 -28.995172 28
135 -15.281553 28
136 -1.743943 29
137 -26.353024 29
138 -4.293167 28
139 -29.441582 28
140 -25.196647 29
