0 8.000000 72
1 -15.822689 71
2 -26.579250 71
3 -13.066339 71
4 -4.269572 70
5 -30.032772 71
6 1.668211 71
7 3.901037 72
8 5.304863 72
9 1.396747 71
10 2.652722 72
11 -17.990279 71
12 -12.870523 72
13 -12.464021 72
14 -19.107369 71
15 -26.548982 71
16 -28.226304 70
17 -28.459052 71
18 -13.777047 71
19 -16.601467 71
20 -10.170522 69
21 3.431087 72
22 0.314091 72
23 3.194029 72
24 0.142172 71
25 -5.446510 71
26 -19.649411 71
27 -13.073984 72
28 -15.907933 71
29 -17.284746 72
30 -25.863683 71
31 -26.795883 70
32 -29.546452 71
33 -15.508295 70
34 -19.199341 71
35 -14.003895 69
36 -2.723806 71
37 -3.043794 72
38 -2.724650 71
39 -0.788194 71
40 -5.260476 72
41 -21.078457 71
42 -17.089978 71
43 -14.965953 71
44 -23.159076 71
45 -24.987149 71
46 -24.922176 70
47 -30.404312 71
48 -15.928247 69
49 -21.515355 71
50 -17.509744 69
51 -0.745653 72
52 -6.160091 72
53 -4.460044 71
54 -1.392795 71
55 -12.683796 71
56 -22.269004 71
57 -12.913909 72
58 -13.668465 71
59 -24.687577 71
60 -23.889307 71
61 -22.685313 70
62 -30.958408 71
63 -15.011952 69
64 -23.481725 71
65 -19.699232 70
66 -6.674130 71
67 -13.064436 71
68 -6.029187 71
69 -3.731775 70
70 -15.810280 71
71 -23.264939 71
72 -16.575826 71
73 -12.102285 71
74 -25.913567 71
75 -22.610360 71
76 -20.181677 70
77 -33.252040 70
78 -12.841190 70
79 -25.151566 71
80 -22.610541 70
81 -8.557832 71
82 -15.865313 71
83 -7.513068 71
84 -3.944248 70
85 -18.792586 71
86 -20.147174 72
87 -12.132934 72
88 -10.396432 71
89 -26.975664 71
90 -21.185512 71
91 -17.496542 70
92 -33.381289 70
93 -11.526409 70
94 -26.634549 71
95 -25.295101 70
96 -6.403766 72
97 -18.605073 71
98 -4.940542 72
99 1.917959 72
100 -21.688816 71
101 -20.926748 72
102 -15.578488 71
103 -8.571640 71
104 -23.910671 72
105 -19.552534 71
106 -14.599575 70
107 -33.341885 70
108 -11.068339 69
109 -27.924192 71
110 -27.689989 70
111 -12.205826 71
112 -21.286600 71
113 -10.312243 71
114 1.847836 72
115 -24.505559 71
116 -25.595205 71
117 -10.897400 72
118 -6.615553 71
119 -24.721832 72
120 -17.693975 71
121 -11.467857 70
122 -33.121752 70
123 -8.444471 70
124 -28.995328 71
125 -27.733379 71
126 -9.993753 72
127 -23.928761 71
128 -11.666332 71
129 -2.192591 71
130 -27.269413 71
131 -26.169573 71
132 -14.104103 71
133 -4.555183 71
134 -29.449725 71
135 -15.642571 71
136 -8.112954 70
137 -32.745157 70
138 -6.652382 70
139 -29.867877 71
140 -29.434484 71
