0 8.000000 15
1 -11.677424 15
2 -26.048295 14
3 -8.501696 15
4 -2.132652 14
5 -25.445933 15
6 5.774213 15
7 3.982130 15
8 1.556746 14
9 5.883624 15
10 -0.823528 14
11 -17.679074 14
12 -12.202401 15
13 -12.191727 15
14 -14.431778 15
15 -25.755821 14
16 -27.752570 13
17 -29.406730 13
18 -13.128268 14
19 -15.752967 14
20 -6.543840 14
21 3.610205 15
22 -3.466163 14
23 3.596216 15
24 0.736286 14
25 -4.727353 14
26 -19.295057 14
27 -12.312207 15
28 -11.715792 15
29 -20.632076 14
30 -24.993242 14
31 -26.302301 13
32 -28.324517 14
33 -12.994034 14
34 -14.335381 15
35 -12.187319 13
36 1.469206 15
37 -6.714529 14
38 1.756525 15
39 -0.268863 14
40 -4.469748 15
41 -20.693528 14
42 -12.323589 15
43 -14.844071 14
44 -18.506369 15
45 -24.048695 14
46 -24.311545 13
47 -31.164615 13
48 -12.401692 14
49 -16.573129 15
50 -15.606893 13
51 -0.562604 15
52 -9.760090 14
53 -3.937641 14
54 -1.035083 14
55 -11.875135 14
56 -21.859708 14
57 -12.182720 15
58 -13.602318 14
59 -20.021866 15
60 -22.911278 14
61 -20.038577 14
62 -31.831084 13
63 -11.501529 14
64 -18.451320 15
65 -18.753326 13
66 -2.497427 15
67 -12.626224 14
68 -5.489453 14
69 -1.463992 14
70 -11.003033 15
71 -22.833073 14
72 -11.873770 15
73 -12.052685 14
74 -21.263154 15
75 -21.636566 14
76 -17.549315 14
77 -32.222271 13
78 -10.373039 14
79 -20.052353 15
80 -21.607791 13
81 -4.381971 15
82 -15.404328 14
83 -6.967435 14
84 -1.715623 14
85 -14.010810 15
86 -23.690464 14
87 -11.445961 15
88 -10.322086 14
89 -22.347293 15
90 -20.242860 14
91 -14.892320 14
92 -32.420160 13
93 -9.099217 14
94 -21.505331 15
95 -25.226677 12
96 -6.225759 15
97 -18.128605 14
98 -8.393961 14
99 -1.881535 14
100 -16.945052 15
101 -24.443055 14
102 -10.903450 15
103 -8.458752 14
104 -27.298833 14
105 -18.665515 14
106 -12.044497 14
107 -32.434367 13
108 -7.687953 14
109 -22.823997 15
110 -26.597032 13
111 -8.025587 15
112 -20.797733 14
113 -9.763743 14
114 -1.977411 14
115 -19.807725 15
116 -25.083484 14
117 -14.239399 14
118 -6.458619 14
119 -24.107049 15
120 -16.889557 14
121 -10.987661 13
122 -32.252828 13
123 -6.114637 14
124 -23.978480 15
125 -28.695702 13
126 -9.820255 15
127 -23.423205 14
128 -11.110981 14
129 -2.040918 14
130 -22.623343 15
131 -25.632899 14
132 -13.438995 14
133 -4.367392 14
134 -24.807841 15
135 -14.953880 14
136 -5.776452 14
137 -29.927523 14
138 -4.390079 14
139 -24.926292 15
140 -31.564774 12
