0 4.000000 85
1 -11.877741 86
2 -22.665627 86
3 -13.099897 85
4 -2.270244 85
5 -30.146579 85
6 5.607887 86
7 3.884964 86
8 -0.711277 84
9 5.392651 86
10 -1.393219 85
11 -14.049601 86
12 -16.890379 85
13 -12.459803 86
14 -15.123981 86
15 -28.578893 84
16 -22.265882 86
17 -28.511572 85
18 -15.851121 84
19 -18.689237 84
20 -7.171313 85
21 -0.631654 85
22 0.268501 86
23 -2.848464 84
24 4.151216 86
25 -1.511882 86
26 -15.710508 86
27 -19.114529 84
28 -11.886685 86
29 -17.353170 86
30 -27.884225 84
31 -20.811082 86
32 -29.628483 85
33 -13.587865 85
34 -21.291655 84
35 -11.043913 85
36 -2.787396 85
37 -3.100199 86
38 -4.772887 84
39 3.210949 86
40 -9.338493 85
41 -17.136912 86
42 -19.137529 84
43 -10.941128 86
44 -23.252041 85
45 -27.007292 84
46 -18.959254 86
47 -30.513326 85
48 -13.023474 85
49 -24.621196 83
50 -16.596271 84
51 -0.812292 86
52 -10.223882 85
53 -4.504683 85
54 2.596818 86
55 -12.772154 85
56 -18.327447 86
57 -18.963358 84
58 -13.643308 85
59 -24.797181 85
60 -25.918294 84
61 -16.733370 86
62 -31.080474 85
63 -12.124773 85
64 -25.591245 84
65 -17.812222 85
66 -2.742059 86
67 -9.136086 86
68 -8.069767 84
69 -1.747508 85
70 -15.904098 85
71 -19.328156 86
72 -18.621981 84
73 -8.079599 86
74 -22.034773 86
75 -24.651579 84
76 -14.229379 86
77 -31.378099 85
78 -6.962084 86
79 -27.258175 84
80 -20.736329 85
81 -8.624778 85
82 -11.942986 86
83 -9.551342 84
84 -1.960868 85
85 -18.891625 85
86 -20.216861 86
87 -18.174173 84
88 -6.376204 86
89 -27.106077 85
90 -23.239141 84
91 -11.542294 86
92 -27.505703 86
93 -9.646312 85
94 -28.735723 84
95 -23.425032 85
96 -6.468298 86
97 -14.686633 86
98 -10.977537 84
99 -2.098171 85
100 -21.792892 85
101 -21.002353 86
102 -17.615380 84
103 -4.553667 86
104 -24.049006 86
105 -21.616802 84
106 -8.642186 86
107 -27.462563 86
108 -8.177270 85
109 -30.020465 84
110 -25.815861 85
111 -8.267429 86
112 -17.370042 86
113 -12.347803 84
114 -2.165355 85
115 -24.614031 85
116 -25.676122 85
117 -16.934340 84
118 -6.599944 85
119 -28.865002 85
120 -17.763388 85
121 -5.494640 86
122 -31.241904 85
123 -2.525496 86
124 -31.087049 84
125 -27.862285 85
126 -14.051554 85
127 -20.013181 86
128 -13.700133 84
129 -2.200462 85
130 -27.380924 85
131 -22.255045 86
132 -16.147400 84
133 -4.544772 85
134 -29.589736 85
135 -15.703321 85
136 -6.126373 85
137 -30.863937 85
138 -4.689248 85
139 -31.951238 84
140 -29.566871 85
