0 2.000000 177
1 -18.754694 176
2 -28.020339 177
3 -16.261292 176
4 -2.866374 178
5 -30.241289 178
6 -1.351415 176
7 -1.934793 177
8 -0.700979 177
9 -0.572008 177
10 -3.365854 177
11 -19.699850 177
12 -19.691712 176
13 -16.371746 178
14 -21.017932 177
15 -27.946357 177
16 -27.593544 177
17 -27.970313 178
18 -14.103638 178
19 -18.898001 177
20 -7.536449 178
21 -3.568976 176
22 -5.435727 177
23 -2.873987 177
24 -0.010686 178
25 -7.572802 177
26 -21.240613 177
27 -18.963108 177
28 -17.957689 177
29 -23.340489 177
30 -28.337969 176
31 -26.276819 177
32 -29.247885 178
33 -13.944075 178
34 -21.554404 177
35 -11.375888 178
36 -4.708105 177
37 -8.727414 177
38 -5.847646 176
39 -3.078515 177
40 -11.430206 177
41 -22.616760 177
42 -20.040977 176
43 -15.155503 178
44 -25.295346 177
45 -26.554409 177
46 -24.626225 177
47 -30.268732 178
48 -13.471794 178
49 -23.883177 177
50 -14.931344 178
51 -6.730194 177
52 -11.793055 177
53 -6.606154 177
54 -1.777206 178
55 -14.882722 177
56 -23.777225 177
57 -19.907977 176
58 -13.965250 178
59 -26.860619 177
60 -25.556992 177
61 -20.567375 178
62 -30.933942 178
63 -12.644182 178
64 -25.832788 177
65 -18.147902 178
66 -8.655630 177
67 -14.662195 177
68 -9.188253 176
69 -2.179672 178
70 -16.016409 178
71 -24.747910 177
72 -18.598024 177
73 -12.473941 178
74 -26.107287 178
75 -24.365998 177
76 -18.181649 178
77 -31.298678 178
78 -11.525820 178
79 -27.467557 177
80 -21.041100 178
81 -11.530106 176
82 -17.431030 177
83 -7.681753 178
84 -2.436448 178
85 -20.999280 177
86 -25.608034 177
87 -18.180596 177
88 -10.820928 178
89 -27.180171 178
90 -23.022276 177
91 -15.599886 178
92 -31.473152 178
93 -10.234087 178
94 -28.904680 177
95 -25.677263 177
96 -12.365753 177
97 -18.139236 178
98 -9.118673 178
99 -2.613955 178
100 -23.898287 177
101 -26.369084 177
102 -17.657235 177
103 -9.040296 178
104 -30.123122 177
105 -21.473874 177
106 -12.814778 178
107 -31.467285 178
108 -8.770666 178
109 -28.141569 178
110 -26.000391 178
111 -15.161437 176
112 -22.790284 177
113 -12.501927 177
114 -4.720217 177
115 -24.720863 178
116 -27.027539 177
117 -17.012822 177
118 -7.125916 178
119 -30.937160 177
120 -19.686996 177
121 -9.788156 178
122 -31.275521 178
123 -7.120030 178
124 -31.158416 177
125 -27.972572 178
126 -16.939675 176
127 -25.401636 177
128 -14.863087 176
129 -2.784570 178
130 -27.485571 178
131 -27.598866 177
132 -17.259159 176
133 -5.099542 178
134 -29.651062 178
135 -17.694382 177
136 -6.523467 178
137 -30.908727 178
138 -5.306617 178
139 -31.974280 177
140 -29.609114 178
