0 8.000000 107
1 -11.822344 107
2 -26.418270 106
3 -13.151918 106
4 9.405356 108
5 -30.247390 106
6 5.618207 107
7 3.971586 107
8 1.252290 106
9 13.398535 108
10 10.570488 108
11 -13.902794 107
12 -12.803477 107
13 -12.427862 107
14 -15.150364 107
15 -26.379116 106
16 -22.026253 107
17 -30.357476 105
18 -13.965613 106
19 -16.772158 106
20 -3.477974 107
21 3.389952 107
22 -3.620594 106
23 -0.883426 106
24 12.038548 108
25 -1.606677 107
26 -15.508747 107
27 -17.054288 106
28 -11.939656 107
29 -17.435769 107
30 -25.710531 106
31 -20.661939 107
32 -31.560497 105
33 -15.765058 105
34 -19.396856 106
35 -7.367681 107
36 1.242704 107
37 -6.964238 106
38 -2.818597 106
39 11.038534 108
40 -5.449545 107
41 -20.915683 106
42 -17.099358 106
43 -11.061248 107
44 -19.350435 107
45 -24.867071 106
46 -18.892879 107
47 -32.515581 105
48 -15.244017 105
49 -21.737684 106
50 -10.925122 107
51 -0.781349 107
52 -10.060673 106
53 -4.558318 106
54 10.382733 108
55 -8.890476 107
56 -22.101242 106
57 -16.940925 106
58 -9.808889 107
59 -20.894699 107
60 -25.815511 105
61 -20.727692 106
62 -33.126075 105
63 -14.379042 105
64 -25.717082 105
65 -14.127722 107
66 -2.709366 107
67 -12.951999 106
68 -6.126863 106
69 2.009446 107
70 -16.022107 106
71 -23.096102 106
72 -16.611901 106
73 -0.277030 108
74 -26.133328 106
75 -22.576066 106
76 -18.269373 106
77 -31.448300 106
78 -14.241689 104
79 -27.377512 105
80 -17.026631 107
81 -4.588113 107
82 -15.742580 106
83 -7.609211 106
84 1.774448 107
85 -19.007101 106
86 -23.979388 106
87 -16.176284 106
88 -6.597903 107
89 -23.201899 107
90 -21.185578 106
91 -11.626127 107
92 -31.592152 106
93 -11.942772 105
94 -28.837062 105
95 -19.678665 107
96 -6.427170 107
97 -18.472299 106
98 -5.035148 107
99 1.617317 107
100 -21.905931 106
101 -24.762084 106
102 -15.633167 106
103 -4.797862 107
104 -28.140018 106
105 -21.585859 105
106 -8.773379 107
107 -31.560619 106
108 -11.485273 104
109 -30.095981 105
110 -22.018905 107
111 -8.223447 107
112 -21.144174 106
113 -10.406337 106
114 9.531246 108
115 -24.725369 106
116 -25.436825 106
117 -14.970509 106
118 5.133524 108
119 -28.952634 106
120 -17.752390 106
121 -5.669867 107
122 -31.348673 106
123 -8.843199 105
124 -29.134877 106
125 -28.007585 106
126 -10.003203 107
127 -23.776861 106
128 -7.758175 107
129 9.482111 108
130 -27.488631 106
131 -26.015625 106
132 -10.196232 107
133 7.169684 108
134 -25.675661 107
135 -11.715245 107
136 -2.346913 107
137 -30.967438 106
138 -7.021035 105
139 -29.987003 106
140 -25.665913 107
