0 16.000000 43
1 12.168762 44
2 -14.550338 43
3 -1.084587 43
4 1.710572 42
5 -26.023510 42
6 13.666488 43
7 11.984236 43
8 13.289756 43
9 13.493470 43
10 10.622913 43
11 -5.850682 43
12 -4.849950 43
13 -12.475829 42
14 -6.932239 43
15 -14.529211 43
16 -14.175424 43
17 -16.308593 43
18 -9.674007 42
19 -4.674303 43
20 -3.073876 42
21 27.434261 44
22 8.382680 43
23 11.174119 43
24 12.220459 43
25 6.525523 43
26 -7.503300 43
27 -5.062458 43
28 -3.958621 43
29 -9.173013 43
30 -13.851877 43
31 -12.658397 43
32 -17.395569 43
33 -9.400215 42
34 -7.253658 43
35 -10.849492 41
36 25.285737 44
37 5.020936 43
38 9.248955 43
39 3.265889 42
40 2.742581 43
41 -8.929357 43
42 -13.068792 42
43 -11.017369 42
44 -11.094016 43
45 -12.961100 43
46 -10.703297 43
47 -18.275249 43
48 -12.786451 41
49 -17.541524 42
50 -10.343565 42
51 7.266488 43
52 1.907004 43
53 7.519546 43
54 2.625492 42
55 -0.661238 43
56 -10.126132 43
57 -4.890744 43
58 -9.701597 42
59 -12.646937 43
60 -11.846515 43
61 -8.444440 43
62 -26.846483 42
63 -13.839291 40
64 -19.495232 42
65 -17.554132 41
66 21.337225 44
67 -0.998265 43
68 5.956570 43
69 2.267018 42
70 -11.783332 42
71 -11.137218 43
72 -12.552631 42
73 -0.122980 43
74 -21.895342 42
75 -10.561355 43
76 -13.943398 42
77 -19.157239 43
78 -13.652058 39
79 -21.162764 42
80 -20.493166 41
81 3.452319 43
82 -3.802934 43
83 4.475395 43
84 10.047617 43
85 -14.766269 42
86 -12.035592 43
87 -4.110714 43
88 -6.408504 42
89 -22.973440 42
90 -9.135816 43
91 -3.271064 43
92 -19.306991 43
93 -9.327104 41
94 -22.647856 42
95 -19.209059 42
96 1.604509 43
97 -6.547717 43
98 3.048566 43
99 9.907736 43
100 -17.663072 42
101 -12.831909 43
102 -3.558923 43
103 3.426917 43
104 -23.913651 42
105 -7.506623 43
106 -8.402309 42
107 -27.291975 42
108 -7.862776 41
109 -23.947433 42
110 -21.644057 42
111 15.798344 44
112 -9.235629 43
113 1.674650 43
114 1.834841 42
115 -20.479672 42
116 -13.521779 43
117 -10.879544 42
118 5.396273 43
119 -24.718792 42
120 -5.662241 43
121 -5.320021 42
122 -27.100944 42
123 -6.237969 41
124 -25.032250 42
125 -23.732656 42
126 14.005726 44
127 -11.887024 43
128 0.317158 43
129 9.789935 43
130 -15.247437 43
131 -14.125275 43
132 -10.092902 42
133 -0.541468 42
134 -25.440314 42
135 -3.655849 43
136 -2.034446 42
137 -26.754295 42
138 -0.470279 42
139 -25.910055 42
140 -25.453413 42
