0 90.000000 9
1 60.000000 6
2 60.000000 6
3 70.000000 7
4 80.000000 8
5 60.000000 6
6 90.000000 9
7 90.000000 9
8 90.000000 9
9 90.000000 9
10 90.000000 9
11 60.000000 6
12 70.000000 7
13 70.000000 7
14 60.000000 6
15 60.000000 6
16 70.000000 7
17 60.000000 6
18 70.000000 7
19 70.000000 7
20 80.000000 8
21 80.000000 8
22 90.000000 9
23 90.000000 9
24 90.000000 9
25 90.000000 9
26 60.000000 6
27 60.000000 6
28 70.000000 7
29 60.000000 6
30 60.000000 6
31 60.000000 6
32 60.000000 6
33 70.000000 7
34 70.000000 7
35 80.000000 8
36 80.000000 8
37 80.000000 8
38 90.000000 9
39 90.000000 9
40 80.000000 8
41 60.000000 6
42 60.000000 6
43 70.000000 7
44 60.000000 6
45 60.000000 6
46 70.000000 7
47 60.000000 6
48 70.000000 7
49 60.000000 6
50 70.000000 7
51 80.000000 8
52 80.000000 8
53 80.000000 8
54 80.000000 8
55 80.000000 8
56 60.000000 6
57 70.000000 7
58 70.000000 7
59 60.000000 6
60 60.000000 6
61 70.000000 7
62 60.000000 6
63 80.000000 8
64 60.000000 6
65 70.000000 7
66 70.000000 7
67 80.000000 8
68 80.000000 8
69 90.000000 9
70 80.000000 8
71 60.000000 6
72 70.000000 7
73 70.000000 7
74 60.000000 6
75 60.000000 6
76 70.000000 7
77 60.000000 6
78 80.000000 8
79 60.000000 6
80 70.000000 7
81 70.000000 7
82 80.000000 8
83 80.000000 8
84 80.000000 8
85 70.000000 7
86 60.000000 6
87 70.000000 7
88 80.000000 8
89 60.000000 6
90 60.000000 6
91 70.000000 7
92 60.000000 6
93 80.000000 8
94 60.000000 6
95 70.000000 7
96 70.000000 7
97 70.000000 7
98 80.000000 8
99 80.000000 8
100 70.000000 7
101 60.000000 6
102 70.000000 7
103 80.000000 8
104 60.000000 6
105 70.000000 7
106 80.000000 8
107 60.000000 6
108 80.000000 8
109 60.000000 6
110 60.000000 6
111 70.000000 7
112 70.000000 7
113 80.000000 8
114 80.000000 8
115 70.000000 7
116 60.000000 6
117 70.000000 7
118 80.000000 8
119 60.000000 6
120 70.000000 7
121 80.000000 8
122 60.000000 6
123 80.000000 8
124 60.000000 6
125 60.000000 6
126 70.000000 7
127 70.000000 7
128 70.000000 7
129 80.000000 8
130 70.000000 7
131 60.000000 6
132 70.000000 7
133 80.000000 8
134 60.000000 6
135 70.000000 7
136 80.000000 8
137 60.000000 6
138 80.000000 8
139 60.000000 6
140 60.000000 6
