0 8.000000 143
1 -11.776927 143
2 -22.238711 143
3 -15.214250 141
4 -4.727650 141
5 -30.354242 142
6 5.628844 143
7 4.005000 143
8 1.288893 142
9 5.480477 143
10 2.614680 143
11 -13.809289 143
12 -16.723629 142
13 -12.379834 143
14 -19.070505 142
15 -22.164637 143
16 -25.860521 142
17 -28.223298 142
18 -13.995583 142
19 -16.829918 142
20 -7.461642 142
21 3.410874 143
22 -3.530908 142
23 -2.864438 141
24 4.074226 143
25 -1.600250 143
26 -19.378349 142
27 -16.976356 142
28 -15.923245 142
29 -23.389409 141
30 -21.531422 143
31 -24.549965 142
32 -31.474372 141
33 -13.810917 142
34 -21.463666 141
35 -13.352343 141
36 1.269796 143
37 -6.849727 142
38 -4.825368 141
39 3.022800 143
40 -9.467517 142
41 -20.768971 142
42 -19.031767 141
43 -17.072524 141
44 -23.348358 142
45 -24.724217 142
46 -18.844367 143
47 -30.461361 142
48 -13.324618 142
49 -24.813356 140
50 -16.927641 141
51 -0.752695 143
52 -5.936633 143
53 -4.576704 142
54 -1.661852 142
55 -12.927789 142
56 -21.941065 142
57 -16.886671 142
58 -15.856783 141
59 -24.918602 142
60 -23.703208 142
61 -16.724741 143
62 -31.104153 142
63 -12.491366 142
64 -26.788179 140
65 -20.154940 141
66 -2.678337 143
67 -12.821543 142
68 -8.154976 141
69 -2.054374 142
70 -18.071164 141
71 -22.921919 142
72 -16.570344 142
73 -14.350371 141
74 -26.173192 142
75 -22.486836 142
76 -18.295593 142
77 -31.453458 142
78 -13.373757 141
79 -27.442743 141
80 -23.064850 141
81 -4.553538 143
82 -15.603849 142
83 -9.646143 141
84 -2.304795 142
85 -21.065210 141
86 -23.791579 142
87 -16.146795 142
88 -12.687796 141
89 -29.256023 141
90 -23.117790 141
91 -15.674156 142
92 -31.615887 142
93 -12.085208 141
94 -28.899524 141
95 -25.716700 141
96 -6.389521 143
97 -18.324619 142
98 -9.080814 142
99 -2.477801 142
100 -21.975455 142
101 -24.562462 142
102 -15.616316 142
103 -10.902488 141
104 -28.210384 142
105 -21.544885 141
106 -12.843894 142
107 -33.600708 141
108 -10.629262 141
109 -30.157855 141
110 -29.053132 140
111 -8.184420 143
112 -20.987401 142
113 -10.461148 142
114 -2.580614 142
115 -24.808809 142
116 -21.230690 143
117 -16.966218 141
118 -8.985837 141
119 -29.036988 142
120 -19.736168 141
121 -5.763784 143
122 -33.404517 141
123 -6.989323 142
124 -29.198903 142
125 -30.039000 141
126 -9.961961 143
127 -23.609713 142
128 -13.819376 141
129 -2.643502 142
130 -29.585249 141
131 -25.811444 142
132 -16.209618 141
133 -6.957971 141
134 -31.765155 141
135 -17.722145 141
136 -6.446534 142
137 -31.039035 142
138 -5.173573 142
139 -30.051633 142
140 -29.702684 142
