0 16.000000 23
1 -11.570943 22
2 -14.036088 23
3 -8.827997 22
4 1.700196 22
5 -31.165786 20
6 13.802744 23
7 11.956138 23
8 5.382200 22
9 1.733625 21
10 -0.946023 21
11 -13.467301 22
12 -16.357859 21
13 -16.386369 21
14 -20.402033 20
15 -21.895407 22
16 -13.864371 23
17 -27.474757 21
18 -13.363075 21
19 -18.055878 20
20 -6.928677 21
21 11.623103 23
22 8.481191 23
23 -0.656897 21
24 4.520503 22
25 -6.771232 20
26 -15.061082 22
27 -16.511422 21
28 -15.997615 21
29 -22.520638 20
30 -21.122541 22
31 -20.392569 22
32 -30.395294 20
33 -15.157031 20
34 -20.518921 20
35 -12.580419 20
36 1.494699 22
37 -2.769015 22
38 1.473430 22
39 3.541108 22
40 -10.440269 20
41 -20.455977 21
42 -12.532376 22
43 -11.114539 22
44 -24.348523 20
45 -20.148579 22
46 -18.454619 22
47 -29.216482 21
48 -14.541795 20
49 -22.751617 20
50 -15.987358 20
51 -0.517120 22
52 -5.799433 22
53 -0.240812 22
54 2.835280 22
55 -11.808793 21
56 -17.622480 22
57 -16.390060 21
58 -13.832457 21
59 -25.833052 20
60 -18.992156 22
61 -16.219033 22
62 -31.796992 20
63 -11.585878 21
64 -24.660118 20
65 -20.145713 19
66 -2.440231 22
67 -8.649414 22
68 -1.803293 22
69 2.425294 22
70 -16.916869 20
71 -18.593798 22
72 -16.079496 21
73 -8.263266 22
74 -27.048993 20
75 -17.702085 22
76 -13.729991 22
77 -30.129134 21
78 -12.413578 20
79 -26.283766 20
80 -22.027513 20
81 -4.318101 22
82 -3.411676 23
83 -3.285976 22
84 2.163812 22
85 -19.897166 20
86 -19.452537 22
87 -15.655982 21
88 -6.539329 22
89 -26.113665 21
90 -16.301388 22
91 -11.072285 22
92 -30.297797 21
93 -9.113270 21
94 -27.739627 20
95 -24.657287 20
96 -6.157093 22
97 -14.120534 22
98 -4.715681 22
99 1.982242 22
100 -22.793373 20
101 -20.218133 22
102 -15.124059 21
103 -4.687256 22
104 -29.053956 20
105 -14.737257 22
106 -12.231496 21
107 -30.312039 21
108 -9.681163 20
109 -29.017688 20
110 -26.991163 20
111 -7.952729 22
112 -16.778973 22
113 -6.089787 22
114 1.870854 22
115 -25.609876 20
116 -24.890230 21
117 -14.469387 21
118 -2.689181 22
119 -29.862884 20
120 -12.996045 22
121 -5.186642 22
122 -30.162436 21
123 -2.089368 22
124 -30.072236 20
125 -29.020960 20
126 -9.736727 22
127 -19.402335 22
128 -7.439210 22
129 1.798083 22
130 -28.380754 20
131 -21.497607 22
132 -9.707171 22
133 -0.582472 22
134 -30.579263 20
135 -11.130339 22
136 -1.987926 22
137 -31.871386 20
138 -4.350421 21
139 -30.902783 20
140 -30.681280 20
