0 8.000000 100
1 -3.847568 101
2 -26.479719 99
3 -9.149102 100
4 1.509489 100
5 -30.202823 99
6 5.606197 100
7 3.945894 100
8 5.260887 100
9 5.433559 100
10 10.583240 101
11 -13.929043 100
12 -12.819712 100
13 -12.401578 100
14 -15.136930 100
15 -26.444508 99
16 -28.065152 98
17 -30.381671 98
18 -9.939228 100
19 -16.760698 99
20 -9.363922 98
21 3.376823 100
22 0.347405 100
23 3.138719 100
24 4.111132 100
25 -1.568552 100
26 -19.537102 99
27 -17.062897 99
28 -17.879200 98
29 -17.405476 100
30 -25.771255 99
31 -26.687931 98
32 -31.570395 98
33 -9.713056 100
34 -19.372716 99
35 -13.255925 98
36 9.228265 101
37 -3.004736 100
38 1.207131 100
39 3.125558 100
40 -9.407632 99
41 -20.946191 99
42 -13.101872 100
43 -16.985448 98
44 -23.315467 99
45 -20.923773 100
46 -22.898683 99
47 -32.510822 98
48 -13.179309 99
49 -21.704611 99
50 -14.809926 99
51 -0.796276 100
52 -10.110128 99
53 7.464869 101
54 2.474560 100
55 -12.845225 99
56 -24.133979 98
57 -12.939306 100
58 -13.727847 99
59 -24.856824 99
60 -23.864969 99
61 -16.718371 100
62 -33.104418 98
63 -12.307240 99
64 -23.671962 99
65 -20.017644 98
66 5.274509 101
67 -13.006032 99
68 -2.106757 100
69 2.103337 100
70 -17.975835 98
71 -25.131239 98
72 -16.607795 99
73 -12.192765 99
74 -26.093003 99
75 -18.618112 100
76 -18.249484 99
77 -33.414017 98
78 -11.165678 99
79 -25.327843 99
80 -23.927320 97
81 3.394244 101
82 -17.799409 98
83 -3.592495 100
84 1.870142 100
85 -20.960416 98
86 -24.017294 99
87 -16.170381 99
88 -6.511709 100
89 -29.161768 98
90 -17.220040 100
91 -11.597361 100
92 -33.549990 98
93 -9.864787 99
94 -26.788379 99
95 -23.592806 99
96 1.553748 101
97 -18.530743 99
98 -5.022489 100
99 1.715337 100
100 -21.859110 99
101 -24.803162 99
102 -11.625446 100
103 -4.709419 100
104 -28.101700 99
105 -15.611603 100
106 -12.733699 99
107 -34.514570 97
108 -4.406434 100
109 -28.052766 99
110 -25.948146 99
111 -0.243321 101
112 -21.203233 99
113 -6.397295 100
114 1.632301 100
115 -26.678520 98
116 -27.481638 98
117 -10.959621 100
118 -2.774762 100
119 -28.916780 99
120 -13.771907 100
121 -5.616553 100
122 -33.300136 98
123 -2.763577 100
124 -29.100109 99
125 -29.954638 98
126 -2.025109 101
127 -23.836531 99
128 -7.752020 100
129 1.585456 100
130 -27.442338 99
131 -28.066182 98
132 -10.184722 100
133 -4.736598 99
134 -31.641503 98
135 -11.729609 100
136 -2.277449 100
137 -32.919444 98
138 -0.936795 100
139 -31.958286 98
140 -31.629398 98
