0 4.000000 57
1 -15.834979 57
2 -28.596043 56
3 -15.083203 56
4 -2.362350 57
5 -30.140201 57
6 5.668323 58
7 -0.103722 57
8 1.298239 57
9 1.381231 57
10 -1.395584 57
11 -17.971421 57
12 -18.883005 56
13 -16.542094 57
14 -15.152541 58
15 -28.630732 56
16 -26.282955 57
17 -30.477938 56
18 -13.784020 57
19 -18.708796 56
20 -7.195751 57
21 3.440196 58
22 -3.698107 57
23 -2.845487 56
24 0.106987 57
25 -5.524752 57
26 -19.642351 57
27 -19.101770 56
28 -16.008197 57
29 -17.403210 58
30 -27.975633 56
31 -24.839212 57
32 -31.603341 56
33 -13.584767 57
34 -22.279596 55
35 -10.976529 57
36 -2.712928 57
37 -9.059685 56
38 -4.777724 56
39 -0.838639 57
40 -9.359642 57
41 -21.083199 57
42 -19.119627 56
43 -15.068069 57
44 -19.309431 58
45 -25.111499 57
46 -24.936206 56
47 -30.487951 57
48 -13.025461 57
49 -23.574163 56
50 -14.451721 57
51 -4.736709 57
52 -10.171178 57
53 -4.511123 57
54 -1.461968 57
55 -12.786508 57
56 -24.287111 56
57 -18.943583 56
58 -13.761630 57
59 -24.843345 57
60 -26.014688 56
61 -20.687855 57
62 -33.058592 56
63 -12.112243 57
64 -25.534260 56
65 -17.635843 57
66 -6.667497 57
67 -15.073844 56
68 -8.074241 56
69 -1.807969 57
70 -15.914999 57
71 -23.292445 57
72 -16.604085 57
73 -12.193459 57
74 -26.068337 57
75 -24.730344 56
76 -18.180002 57
77 -31.361654 57
78 -10.938065 57
79 -27.204601 56
80 -22.555557 56
81 -4.553846 58
82 -15.875904 57
83 -7.552265 57
84 -2.022979 57
85 -18.898389 57
86 -26.179502 56
87 -18.158949 56
88 -10.487696 57
89 -27.126272 57
90 -23.291198 56
91 -15.491199 57
92 -31.499353 57
93 -9.617107 57
94 -28.692466 56
95 -25.254392 56
96 -10.402900 57
97 -18.617126 57
98 -10.972693 56
99 -2.161745 57
100 -21.794291 57
101 -24.959262 57
102 -17.603435 56
103 -8.661822 57
104 -28.051051 57
105 -21.628650 56
106 -12.595492 57
107 -31.470740 57
108 -8.148230 57
109 -29.992802 56
110 -27.664830 56
111 -12.208873 57
112 -23.300448 56
113 -10.337553 57
114 -2.233552 57
115 -24.609566 57
116 -25.627062 57
117 -16.924520 56
118 -6.703141 57
119 -28.848795 57
120 -19.732966 56
121 -9.478614 57
122 -31.261586 57
123 -6.506801 57
124 -29.079348 57
125 -29.722719 56
126 -10.001403 58
127 -25.944639 56
128 -11.686711 57
129 -2.278453 57
130 -23.373592 58
131 -28.201096 56
132 -16.132499 56
133 -4.642889 57
134 -25.571207 58
135 -17.669490 56
136 -6.160886 57
137 -30.880702 57
138 -4.699180 57
139 -31.962034 56
140 -29.460999 57
