0 2.000000 49
1 -15.804084 50
2 -28.609655 49
3 -13.100818 50
4 -2.488537 50
5 -30.158988 50
6 1.679218 50
7 -0.046091 50
8 1.273672 50
9 1.376215 50
10 -3.365526 49
11 -19.926436 49
12 -18.886725 49
13 -16.543912 50
14 -22.061691 48
15 -28.663344 49
16 -28.252844 49
17 -31.416141 48
18 -13.811977 50
19 -16.747853 50
20 -3.276794 51
21 -2.546104 49
22 -5.660073 49
23 -0.884259 50
24 0.050247 50
25 -7.497982 49
26 -21.614169 49
27 -17.107474 50
28 -16.058142 50
29 -23.322635 49
30 -27.990474 49
31 -26.754894 49
32 -32.539920 48
33 -13.638620 50
34 -21.352541 49
35 -11.029444 50
36 -4.695760 49
37 -9.037805 49
38 -2.818772 50
39 -0.928377 50
40 -11.319803 49
41 -21.065283 50
42 -19.118997 49
43 -15.162428 50
44 -25.229843 49
45 -25.097614 50
46 -22.843117 50
47 -32.442932 49
48 -13.098213 50
49 -21.644062 50
50 -14.500799 50
51 -4.717092 50
52 -12.157341 49
53 -4.546397 50
54 2.429780 51
55 -14.742906 49
56 -24.274876 49
57 -16.939420 50
58 -13.870063 50
59 -26.766750 49
60 -23.979430 50
61 -22.612175 49
62 -33.024128 49
63 -12.183633 50
64 -25.612833 49
65 -13.694567 51
66 -6.646781 50
67 -15.063958 49
68 -6.104707 50
69 -1.926277 50
70 -17.877172 49
71 -23.286076 50
72 -16.598957 50
73 -12.305329 50
74 -28.002845 49
75 -22.686060 50
76 -18.127717 50
77 -33.332532 49
78 -13.004902 49
79 -25.290577 50
80 -20.629252 50
81 -10.531979 49
82 -17.868986 49
83 -7.578717 50
84 1.853722 51
85 -20.870988 49
86 -24.179295 50
87 -16.153226 50
88 -10.599971 50
89 -27.075299 50
90 -21.245657 50
91 -15.465189 50
92 -33.473496 49
93 -11.680133 49
94 -28.781095 49
95 -19.346989 51
96 -10.379636 50
97 -20.613469 49
98 -8.996136 50
99 -2.287000 50
100 -21.778006 50
101 -26.965451 49
102 -15.597644 50
103 -4.772710 51
104 -28.015305 50
105 -19.590072 50
106 -12.598273 50
107 -31.447763 50
108 -10.208841 49
109 -30.079738 49
110 -25.780877 50
111 -14.184362 49
112 -21.300697 50
113 -10.359990 50
114 -2.359956 50
115 -20.604061 51
116 -25.641298 50
117 -14.918243 50
118 -6.813891 50
119 -28.826678 50
120 -17.707756 50
121 -9.512147 50
122 -33.250061 49
123 -8.568395 49
124 -29.157437 50
125 -27.851825 50
126 -15.974603 49
127 -25.950498 49
128 -11.707973 50
129 -2.405175 50
130 -27.379267 50
131 -28.224547 49
132 -14.128875 50
133 -4.758570 50
134 -29.560198 50
135 -17.659931 49
136 -6.233073 50
137 -30.895652 50
138 -4.778593 50
139 -32.035021 49
140 -29.576162 50
