0 4.000000 36
1 -15.658783 36
2 -26.280730 36
3 -14.995144 35
4 -4.193874 35
5 -29.595708 36
6 5.724147 37
7 0.045460 36
8 1.238668 36
9 -0.462147 35
10 2.770031 37
11 -19.632183 35
12 -16.802346 36
13 -16.449809 36
14 -20.669157 35
15 -26.326379 36
16 -25.996335 36
17 -27.966048 36
18 -16.657813 34
19 -18.520453 35
20 -8.924236 35
21 -0.479382 36
22 -5.505060 35
23 -0.843249 36
24 -1.706669 35
25 -1.207881 37
26 -19.257433 36
27 -18.968898 35
28 -15.966981 36
29 -22.876320 35
30 -25.632830 36
31 -26.436211 35
32 -30.979921 35
33 -15.413901 35
34 -19.047082 36
35 -12.694612 35
36 -2.604059 36
37 -8.815749 35
38 -2.726525 36
39 -2.662440 35
40 -8.930848 36
41 -22.667260 35
42 -16.962718 36
43 -17.032732 35
44 -24.758356 35
45 -26.717430 35
46 -24.483618 35
47 -29.802362 36
48 -15.771676 34
49 -21.283493 36
50 -14.164927 36
51 -4.609164 36
52 -9.898794 36
53 -4.430317 36
54 -3.310756 35
55 -12.307882 36
56 -23.854988 35
57 -18.787679 35
58 -15.707778 35
59 -26.272093 35
60 -23.603929 36
61 -22.244184 35
62 -32.348914 35
63 -13.798242 35
64 -23.208717 36
65 -17.351707 36
66 -6.527587 36
67 -12.785325 36
68 -5.979845 36
69 -3.668971 35
70 -15.413943 36
71 -24.858246 35
72 -18.453974 35
73 -12.120335 36
74 -27.498360 35
75 -24.334283 35
76 -19.763471 35
77 -32.652005 35
78 -12.595339 35
79 -24.855244 36
80 -22.279936 35
81 -8.402894 36
82 -15.575685 36
83 -9.452198 35
84 -3.883235 35
85 -20.383502 35
86 -23.750072 36
87 -16.016691 36
88 -10.393677 36
89 -28.565083 35
90 -23.930540 34
91 -17.106351 35
92 -32.800384 35
93 -11.263897 35
94 -26.324313 36
95 -24.978657 35
96 -10.243048 36
97 -18.309363 36
98 -8.873433 36
99 -4.016849 35
100 -23.267604 35
101 -24.543759 36
102 -17.471138 35
103 -10.540876 35
104 -29.499071 35
105 -21.328521 35
106 -14.249748 35
107 -32.790770 35
108 -9.798849 35
109 -27.606347 36
110 -25.381841 36
111 -12.043633 36
112 -22.987972 35
113 -12.243494 35
114 -4.083022 35
115 -24.072441 36
116 -25.237469 36
117 -16.796080 35
118 -6.548386 36
119 -28.303312 36
120 -19.505436 35
121 -11.182300 35
122 -30.609240 36
123 -8.169358 35
124 -28.672711 36
125 -29.442214 35
126 -13.830173 36
127 -23.629289 36
128 -13.597115 35
129 -4.121056 35
130 -26.829576 36
131 -25.847067 36
132 -14.001913 36
133 -6.464796 35
134 -31.026553 35
135 -17.520228 35
136 -7.925848 35
137 -32.289395 35
138 -6.390757 35
139 -29.526940 36
140 -31.156747 35
