0 8.000000 93
1 -11.851604 93
2 -26.578493 92
3 -9.044403 93
4 -4.331197 91
5 -26.117129 93
6 5.611618 93
7 3.915073 93
8 5.313504 93
9 1.456753 92
10 -1.367293 92
11 -13.988931 93
12 -12.805836 93
13 -16.402434 92
14 -19.072619 92
15 -22.510291 93
16 -26.140949 92
17 -28.422933 92
18 -13.818146 92
19 -16.635018 92
20 -7.186456 92
21 3.377913 93
22 0.313425 93
23 3.205012 93
24 -1.816048 91
25 -5.500866 92
26 -15.625728 93
27 -13.035532 93
28 -15.851379 92
29 -21.320330 92
30 -21.817290 93
31 -24.700013 92
32 -31.563126 91
33 -13.589834 92
34 -19.240978 92
35 -11.070006 92
36 1.226267 93
37 -3.050629 93
38 1.286844 93
39 -2.783132 91
40 -9.331361 92
41 -17.043134 93
42 -13.060595 93
43 -14.922455 92
44 -23.224767 92
45 -24.945843 92
46 -22.862656 92
47 -32.464846 91
48 -13.044486 92
49 -21.568538 92
50 -14.633285 92
51 -0.797476 93
52 -6.169610 93
53 -0.445321 93
54 -3.419784 91
55 -12.764498 92
56 -18.233238 93
57 -12.889325 93
58 -15.642883 91
59 -26.769043 91
60 -19.863566 93
61 -20.651264 92
62 -31.035382 92
63 -14.159912 91
64 -23.538000 92
65 -17.849436 92
66 5.273943 94
67 -9.075737 93
68 -2.010850 93
69 -1.778448 92
70 -17.894363 91
71 -19.233248 93
72 -12.551607 93
73 -12.093619 92
74 -28.008428 91
75 -22.600329 92
76 -18.162774 92
77 -33.332527 91
78 -13.008274 91
79 -25.201218 92
80 -20.768367 92
81 -4.606715 93
82 -11.876610 93
83 -3.493066 93
84 -4.001175 91
85 -18.878969 92
86 -20.121639 93
87 -12.108945 93
88 -10.402562 92
89 -29.080498 91
90 -21.189140 92
91 -17.494382 91
92 -33.460640 91
93 -11.700628 91
94 -28.672006 91
95 -23.449133 92
96 -6.447764 93
97 -14.614064 93
98 -4.920614 93
99 -2.146098 92
100 -21.776808 92
101 -20.908609 93
102 -11.557618 93
103 -8.590883 92
104 -28.023103 92
105 -19.566709 92
106 -14.614671 91
107 -33.420534 91
108 -10.237721 91
109 -29.946146 91
110 -25.829238 92
111 -8.244899 93
112 -17.291365 93
113 -6.292989 93
114 -2.219974 92
115 -24.594538 92
116 -21.584795 93
117 -10.883696 93
118 -8.645545 91
119 -28.838692 92
120 -13.713022 93
121 -9.483630 92
122 -33.205844 91
123 -8.591122 91
124 -31.000867 91
125 -23.867318 93
126 -10.027270 93
127 -19.929357 93
128 -7.646468 93
129 -2.259771 92
130 -27.357012 92
131 -22.164582 93
132 -10.099453 93
133 -4.596081 92
134 -29.561604 92
135 -11.651617 93
136 -6.136227 92
137 -30.832739 92
138 -7.760693 90
139 -29.867221 92
140 -25.569020 93
