0 8.000000 164
1 -11.747333 164
2 -22.061236 164
3 -13.240531 163
4 -2.858170 163
5 -30.333594 163
6 1.652400 163
7 4.059981 164
8 1.295398 163
9 1.456483 163
10 2.618685 164
11 -13.721463 164
12 -12.688825 164
13 -12.377212 164
14 -15.037521 164
15 -25.997968 163
16 -21.652123 164
17 -24.038668 164
18 -16.056338 162
19 -18.864718 162
20 -9.514969 162
21 3.437318 164
22 0.557004 164
23 -0.869241 163
24 0.016504 163
25 -1.604301 164
26 -15.271448 164
27 -16.959890 163
28 -15.967781 163
29 -21.366058 163
30 -27.392156 162
31 -20.327285 164
32 -25.319607 164
33 -16.894159 161
34 -19.528862 163
35 -11.355920 163
36 -2.701206 163
37 -2.742528 164
38 -4.839026 162
39 -1.058603 163
40 -9.474336 163
41 -16.651132 164
42 -19.032757 162
43 -15.149595 163
44 -23.332084 163
45 -26.606620 162
46 -18.652244 164
47 -26.347069 164
48 -15.425465 162
49 -21.880753 163
50 -14.917046 163
51 -0.722459 164
52 -5.815237 164
53 -4.594776 163
54 -1.759652 163
55 -12.931545 163
56 -17.813469 164
57 -18.894944 162
58 -13.948896 163
59 -24.905501 163
60 -25.602807 162
61 -20.577961 163
62 -31.011295 163
63 -12.602953 163
64 -23.849545 163
65 -18.138963 163
66 -2.647852 164
67 -8.689291 164
68 -6.175482 163
69 -2.161268 163
70 -16.070604 163
71 -18.786386 164
72 -18.582098 162
73 -12.452417 163
74 -26.161074 163
75 -24.403042 162
76 -18.184089 163
77 -27.372876 164
78 -11.490383 163
79 -25.499519 163
80 -21.040211 163
81 -4.522812 164
82 -11.462056 164
83 -7.667935 163
84 -2.417731 163
85 -19.059946 163
86 -19.649167 164
87 -18.161918 162
88 -12.797443 162
89 -27.243992 163
90 -23.050445 162
91 -15.595805 163
92 -31.546540 163
93 -6.205721 164
94 -28.950153 162
95 -19.688098 164
96 -6.358951 164
97 -14.173430 164
98 -9.103611 163
99 -2.596749 163
100 -21.965779 163
101 -20.412827 164
102 -15.635134 163
103 -9.017780 163
104 -28.197221 163
105 -21.493813 162
106 -12.804169 163
107 -31.543208 163
108 -8.751929 163
109 -28.198911 163
110 -26.025589 163
111 -8.154731 164
112 -16.827069 164
113 -12.485239 162
114 -2.705545 163
115 -24.795640 163
116 -21.073444 164
117 -16.987392 162
118 -7.105156 163
119 -29.020062 163
120 -19.698417 162
121 -11.769692 162
122 -31.358684 163
123 -7.111599 163
124 -29.224424 163
125 -28.012088 163
126 -9.932701 164
127 -19.440656 164
128 -13.844583 162
129 -2.772739 163
130 -27.568555 163
131 -21.644513 164
132 -14.232279 163
133 -5.079776 163
134 -29.740733 163
135 -17.697084 162
136 -6.506547 163
137 -31.002388 163
138 -5.303237 163
139 -30.050207 163
140 -29.664662 163
