0 4.000000 135
1 -15.822708 135
2 -26.252795 135
3 -15.207690 134
4 -2.770832 135
5 -30.384169 135
6 1.608941 135
7 0.003971 135
8 -0.704535 134
9 1.469767 135
10 2.573301 136
11 -17.846149 135
12 -16.769619 135
13 -16.403625 135
14 -21.143129 134
15 -26.195210 135
16 -27.874954 134
17 -28.263801 135
18 -13.994335 135
19 -18.865315 134
20 -7.590795 135
21 -0.617062 135
22 -3.537693 135
23 -2.855493 134
24 0.052637 135
25 -5.652657 135
26 -19.408198 135
27 -17.014188 135
28 -15.943994 135
29 -21.462445 135
30 -25.567125 135
31 -26.575240 134
32 -29.518877 135
33 -15.825508 134
34 -22.514036 133
35 -11.500382 135
36 -2.763838 135
37 -6.861499 135
38 -2.817700 135
39 -1.011546 135
40 -9.525627 135
41 -20.796697 135
42 -19.065165 134
43 -15.097435 135
44 -23.414346 135
45 -24.758257 135
46 -22.871104 135
47 -32.505027 134
48 -15.351861 134
49 -23.874186 134
50 -15.079454 135
51 -4.789463 135
52 -9.951033 135
53 -6.570278 134
54 -1.705659 135
55 -12.981528 135
56 -21.970947 135
57 -16.918624 135
58 -13.885231 135
59 -24.979153 135
60 -23.735272 135
61 -20.751720 135
62 -33.147575 134
63 -14.524113 134
64 -26.852493 133
65 -18.299169 135
66 -6.717262 135
67 -12.836610 135
68 -8.148795 134
69 -2.102486 135
70 -18.119932 134
71 -22.954029 135
72 -16.601168 135
73 -12.383794 135
74 -26.229182 135
75 -22.517526 135
76 -18.326739 135
77 -31.495343 135
78 -13.406432 134
79 -27.505127 134
80 -21.200193 135
81 -8.594338 135
82 -15.618915 135
83 -7.639865 135
84 -2.354360 135
85 -19.110236 135
86 -23.825004 135
87 -16.176178 135
88 -10.726135 135
89 -27.307065 135
90 -21.147462 135
91 -15.711517 135
92 -31.655218 135
93 -12.116712 134
94 -28.958284 134
95 -23.840417 135
96 -10.431845 135
97 -18.339373 135
98 -11.074268 134
99 -2.526842 135
100 -24.016485 134
101 -24.596301 135
102 -15.643004 135
103 -8.944475 135
104 -28.256590 135
105 -19.572200 135
106 -12.887897 135
107 -31.637073 135
108 -10.661966 134
109 -30.213351 134
110 -26.163111 135
111 -12.227868 135
112 -21.001724 135
113 -12.454186 134
114 -2.627568 135
115 -24.845727 135
116 -25.263175 135
117 -14.988091 135
118 -7.030017 135
119 -29.079156 135
120 -17.758059 135
121 -9.813392 135
122 -33.439199 134
123 -9.024491 134
124 -31.249990 134
125 -28.134805 135
126 -14.006578 135
127 -23.623814 135
128 -13.812316 134
129 -2.688147 135
130 -27.618396 135
131 -25.838797 135
132 -16.222397 134
133 -5.003171 135
134 -29.803180 135
135 -15.733753 135
136 -6.501220 135
137 -31.074302 135
138 -5.209249 135
139 -32.094638 134
140 -29.773961 135
