1 0.000000
2 19.796165
3 30.277819
4 17.194328
5 6.702118
6 34.346213
7 2.399309
8 4.013582
9 2.713983
10 2.477258
11 5.411473
12 21.848265
13 20.771987
14 20.346404
15 23.117713
16 30.243813
17 29.869981
18 32.265698
19 17.962234
20 20.826087
21 11.576763
22 4.618135
23 7.571549
24 4.853757
25 3.877536
26 9.621957
27 23.426296
28 21.016578
29 19.878465
30 25.426252
31 29.610618
32 28.557716
33 33.503363
34 17.778555
35 23.477634
36 15.492922
37 6.756181
38 10.895181
39 6.807732
40 4.941004
41 13.496284
42 24.818953
43 21.064973
44 19.030166
45 27.373380
46 28.796966
47 26.851047
48 34.480169
49 17.292876
50 25.849499
51 19.065837
52 8.775150
53 13.979838
54 8.560513
55 5.634171
56 16.954142
57 25.991828
58 20.916891
59 17.816446
60 28.942681
61 27.770738
62 24.731456
63 35.118870
64 16.459402
65 27.839418
66 22.272584
67 10.699012
68 16.862675
69 10.139675
70 6.031915
71 20.092307
72 26.974381
73 20.598188
74 16.313837
75 30.196728
76 26.551408
77 22.304051
78 35.463132
79 15.340872
80 29.499020
81 25.164226
82 12.573553
83 19.643590
84 11.630517
85 6.285045
86 23.081371
87 27.845870
88 20.172024
89 14.655968
90 31.277294
91 25.181140
92 19.685122
93 35.620689
94 14.052019
95 30.955354
96 27.799776
97 14.409071
98 22.363582
99 13.064007
100 6.458052
101 25.985731
102 28.618045
103 19.638272
104 12.874338
105 32.228124
106 23.604637
107 16.855976
108 35.601733
109 12.596631
110 32.210008
111 30.122321
112 16.203499
113 25.026046
114 14.442372
115 6.558451
116 28.812368
117 29.286080
118 18.983840
119 10.959962
120 33.049725
121 21.782063
122 13.774064
123 35.405119
124 10.955124
125 33.245288
126 32.095371
127 17.980967
128 27.648408
129 15.799273
130 6.618795
131 31.582403
132 29.862112
133 18.217004
134 8.934572
135 33.770608
136 19.742061
137 10.451475
138 35.042044
139 9.137303
140 34.084175
141 33.738804
