1 0.000000
2 19.822689
3 30.579250
4 17.066339
5 6.269572
6 34.032772
7 2.331789
8 4.098963
9 2.695137
10 2.603253
11 5.347278
12 21.990279
13 20.870523
14 20.464021
15 23.107369
16 30.548982
17 30.226304
18 32.459052
19 17.777047
20 20.601467
21 11.170522
22 4.568913
23 7.685909
24 4.805971
25 3.857828
26 9.446510
27 23.649411
28 21.073984
29 19.907933
30 25.284746
31 29.863683
32 28.795883
33 33.546452
34 17.508295
35 23.199341
36 15.003895
37 6.723806
38 11.043794
39 6.724650
40 4.788194
41 13.260476
42 25.078457
43 21.089978
44 18.965953
45 27.159076
46 28.987149
47 26.922176
48 34.404312
49 16.928247
50 25.515355
51 18.509744
52 8.745653
53 14.160091
54 8.460044
55 5.392795
56 16.683796
57 26.269004
58 20.913909
59 17.668465
60 28.687577
61 27.889307
62 24.685313
63 34.958408
64 16.011952
65 27.481725
66 21.699232
67 10.674130
68 17.064436
69 10.029187
70 5.731775
71 19.810280
72 27.264939
73 20.575826
74 16.102285
75 29.913567
76 26.610360
77 22.181677
78 35.252040
79 14.841190
80 29.151566
81 24.610541
82 12.557832
83 19.865313
84 11.513068
85 5.944248
86 22.792586
87 28.147174
88 20.132934
89 14.396432
90 30.975664
91 25.185512
92 19.496542
93 35.381289
94 13.526409
95 30.634549
96 27.295101
97 14.403766
98 22.605073
99 12.940542
100 6.082041
101 25.688816
102 28.926748
103 19.578488
104 12.571640
105 31.910671
106 23.552534
107 16.599575
108 35.341885
109 12.068339
110 31.924192
111 29.689989
112 16.205826
113 25.286600
114 14.312243
115 6.152164
116 28.505559
117 29.595205
118 18.897400
119 10.615553
120 32.721832
121 21.693975
122 13.467857
123 35.121752
124 10.444471
125 32.995328
126 31.733379
127 17.993753
128 27.928761
129 15.666332
130 6.192591
131 31.269413
132 30.169573
133 18.104103
134 8.555183
135 33.449725
136 19.642571
137 10.112954
138 34.745157
139 8.652382
140 33.867877
141 33.434484
