1 0.000000
2 19.742506
3 30.197918
4 17.237542
5 6.798874
6 34.341513
7 2.351750
8 3.984687
9 2.724710
10 2.543738
11 5.373524
12 21.768251
13 20.704223
14 20.371541
15 23.041052
16 30.127495
17 29.808650
18 32.193289
19 18.020797
20 20.847676
21 11.491804
22 4.565388
23 7.517171
24 4.889583
25 3.969906
26 9.589533
27 23.340799
28 20.973431
29 19.951695
30 25.369701
31 29.502003
32 28.484137
33 33.445187
34 17.849119
35 23.487888
36 15.358550
37 6.703323
38 10.831215
39 6.853484
40 5.033408
41 13.456387
42 24.734948
43 21.041236
44 19.116342
45 27.331084
46 28.703325
47 26.781944
48 34.431618
49 17.370717
50 25.826381
51 18.918030
52 8.724039
53 13.913754
54 8.603875
55 5.726226
56 16.914060
57 25.908910
58 20.899147
59 17.907276
60 28.901537
61 27.690278
62 24.682083
63 35.071694
64 16.540398
65 27.790976
66 22.134900
67 10.648779
68 16.795045
69 10.181540
70 6.121809
71 20.056535
72 26.890034
73 20.583693
74 16.405857
75 30.155294
76 26.480563
77 22.271002
78 35.420294
79 15.424876
80 29.442219
81 25.039507
82 12.523012
83 19.574296
84 11.672607
85 6.373333
86 23.050469
87 27.759447
88 20.161417
89 14.747162
90 31.237232
91 25.117534
92 19.665585
93 35.584703
94 14.137627
95 30.897281
96 27.692014
97 14.358013
98 22.292177
99 13.106815
100 6.547257
101 25.960940
102 28.529398
103 19.632507
104 12.964749
105 32.190934
106 23.549645
107 16.850719
108 35.572925
109 12.681065
110 32.153435
111 30.034418
112 16.152166
113 24.952389
114 14.486014
115 6.651119
116 28.794989
117 29.195839
118 18.983582
119 11.050203
120 33.017201
121 21.745663
122 13.787724
123 35.378792
124 11.040227
125 33.191562
126 32.029752
127 17.928750
128 27.572084
129 15.843043
130 6.714783
131 31.572173
132 29.773595
133 18.228327
134 9.024115
135 33.745872
136 19.736291
137 10.491533
138 35.015329
139 9.230175
140 34.038190
141 33.695044
