1 0.000000
2 19.822344
3 30.418270
4 17.151918
5 6.594644
6 34.247390
7 2.381793
8 4.028414
9 2.747710
10 2.601465
11 5.429512
12 21.902794
13 20.803477
14 20.427862
15 23.150364
16 30.379116
17 30.026253
18 32.357476
19 17.965613
20 20.772158
21 11.477974
22 4.610048
23 7.620594
24 4.883426
25 3.961452
26 9.606677
27 23.508747
28 21.054288
29 19.939656
30 25.435769
31 29.710531
32 28.661939
33 33.560497
34 17.765058
35 23.396856
36 15.367681
37 6.757296
38 10.964238
39 6.818597
40 4.961466
41 13.449545
42 24.915683
43 21.099358
44 19.061248
45 27.350435
46 28.867071
47 26.892879
48 34.515581
49 17.244017
50 25.737684
51 18.925122
52 8.781349
53 14.060673
54 8.558318
55 5.617267
56 16.890476
57 26.101242
58 20.940925
59 17.808889
60 28.894699
61 27.815511
62 24.727692
63 35.126075
64 16.379042
65 27.717082
66 22.127722
67 10.709366
68 16.951999
69 10.126863
70 5.990554
71 20.022107
72 27.096102
73 20.611901
74 16.277030
75 30.133328
76 26.576066
77 22.269373
78 35.448300
79 15.241689
80 29.377512
81 25.026631
82 12.588113
83 19.742580
84 11.609211
85 6.225552
86 23.007101
87 27.979388
88 20.176284
89 14.597903
90 31.201899
91 25.185578
92 19.626127
93 35.592152
94 13.942772
95 30.837062
96 27.678665
97 14.427170
98 22.472299
99 13.035148
100 6.382683
101 25.905931
102 28.762084
103 19.633167
104 12.797862
105 32.140018
106 23.585859
107 16.773379
108 35.560619
109 12.485273
110 32.095981
111 30.018905
112 16.223447
113 25.144174
114 14.406337
115 6.468754
116 28.725369
117 29.436825
118 18.970509
119 10.866476
120 32.952634
121 21.752390
122 13.669867
123 35.348673
124 10.843199
125 33.134877
126 32.007585
127 18.003203
128 27.776861
129 15.758175
130 6.517889
131 31.488631
132 30.015625
133 18.196232
134 8.830316
135 33.675661
136 19.715245
137 10.346913
138 34.967438
139 9.021035
140 33.987003
141 33.665913
