1 0.000000
2 19.822708
3 30.252795
4 17.207690
5 6.770832
6 34.384169
7 2.391059
8 3.996029
9 2.704535
10 2.530233
11 5.426699
12 21.846149
13 20.769619
14 20.403625
15 23.143129
16 30.195210
17 29.874954
18 32.263801
19 17.994335
20 20.865315
21 11.590795
22 4.617062
23 7.537693
24 4.855493
25 3.947363
26 9.652657
27 23.408198
28 21.014188
29 19.943994
30 25.462445
31 29.567125
32 28.575240
33 33.518877
34 17.825508
35 23.514036
36 15.500382
37 6.763838
38 10.861499
39 6.817700
40 5.011546
41 13.525627
42 24.796697
43 21.065165
44 19.097435
45 27.414346
46 28.758257
47 26.871104
48 34.505027
49 17.351861
50 25.874186
51 19.079454
52 8.789463
53 13.951033
54 8.570278
55 5.705659
56 16.981528
57 25.970947
58 20.918624
59 17.885231
60 28.979153
61 27.735272
62 24.751720
63 35.147575
64 16.524113
65 27.852493
66 22.299169
67 10.717262
68 16.836610
69 10.148795
70 6.102486
71 20.119932
72 26.954029
73 20.601168
74 16.383794
75 30.229182
76 26.517526
77 22.326739
78 35.495343
79 15.406432
80 29.505127
81 25.200193
82 12.594338
83 19.618915
84 11.639865
85 6.354360
86 23.110236
87 27.825004
88 20.176178
89 14.726135
90 31.307065
91 25.147462
92 19.711517
93 35.655218
94 14.116712
95 30.958284
96 27.840417
97 14.431845
98 22.339373
99 13.074268
100 6.526842
101 26.016485
102 28.596301
103 19.643004
104 12.944475
105 32.256590
106 23.572200
107 16.887897
108 35.637073
109 12.661966
110 32.213351
111 30.163111
112 16.227868
113 25.001724
114 14.454186
115 6.627568
116 28.845727
117 29.263175
118 18.988091
119 11.030017
120 33.079156
121 21.758059
122 13.813392
123 35.439199
124 11.024491
125 33.249990
126 32.134805
127 18.006578
128 27.623814
129 15.812316
130 6.688147
131 31.618396
132 29.838797
133 18.222397
134 9.003171
135 33.803180
136 19.733753
137 10.501220
138 35.074302
139 9.209249
140 34.094638
141 33.773961
