1 0.000000
2 19.834979
3 30.596043
4 17.083203
5 6.362350
6 34.140201
7 2.331677
8 4.103722
9 2.701761
10 2.618769
11 5.395584
12 21.971421
13 20.883005
14 20.542094
15 23.152541
16 30.630732
17 30.282955
18 32.477938
19 17.784020
20 20.708796
21 11.195751
22 4.559804
23 7.698107
24 4.845487
25 3.893013
26 9.524752
27 23.642351
28 21.101770
29 20.008197
30 25.403210
31 29.975633
32 28.839212
33 33.603341
34 17.584767
35 23.279596
36 14.976529
37 6.712928
38 11.059685
39 6.777724
40 4.838639
41 13.359642
42 25.083199
43 21.119627
44 19.068069
45 27.309431
46 29.111499
47 26.936206
48 34.487951
49 17.025461
50 25.574163
51 18.451721
52 8.736709
53 14.171178
54 8.511123
55 5.461968
56 16.786508
57 26.287111
58 20.943583
59 17.761630
60 28.843345
61 28.014688
62 24.687855
63 35.058592
64 16.112243
65 27.534260
66 21.635843
67 10.667497
68 17.073844
69 10.074241
70 5.807969
71 19.914999
72 27.292445
73 20.604085
74 16.193459
75 30.068337
76 26.730344
77 22.180002
78 35.361654
79 14.938065
80 29.204601
81 24.555557
82 12.553846
83 19.875904
84 11.552265
85 6.022979
86 22.898389
87 28.179502
88 20.158949
89 14.487696
90 31.126272
91 25.291198
92 19.491199
93 35.499353
94 13.617107
95 30.692466
96 27.254392
97 14.402900
98 22.617126
99 12.972693
100 6.161745
101 25.794291
102 28.959262
103 19.603435
104 12.661822
105 32.051051
106 23.628650
107 16.595492
108 35.470740
109 12.148230
110 31.992802
111 29.664830
112 16.208873
113 25.300448
114 14.337553
115 6.233552
116 28.609566
117 29.627062
118 18.924520
119 10.703141
120 32.848795
121 21.732966
122 13.478614
123 35.261586
124 10.506801
125 33.079348
126 31.722719
127 18.001403
128 27.944639
129 15.686711
130 6.278453
131 31.373592
132 30.201096
133 18.132499
134 8.642889
135 33.571207
136 19.669490
137 10.160886
138 34.880702
139 8.699180
140 33.962034
141 33.460999
