1 0.000000
2 19.877741
3 30.665627
4 17.099897
5 6.270244
6 34.146579
7 2.392113
8 4.115036
9 2.711277
10 2.607349
11 5.393219
12 22.049601
13 20.890379
14 20.459803
15 23.123981
16 30.578893
17 30.265882
18 32.511572
19 17.851121
20 20.689237
21 11.171313
22 4.631654
23 7.731499
24 4.848464
25 3.848784
26 9.511882
27 23.710508
28 21.114529
29 19.886685
30 25.353170
31 29.884225
32 28.811082
33 33.628483
34 17.587865
35 23.291655
36 15.043913
37 6.787396
38 11.100199
39 6.772887
40 4.789051
41 13.338493
42 25.136912
43 21.137529
44 18.941128
45 27.252041
46 29.007292
47 26.959254
48 34.513326
49 17.023474
50 25.621196
51 18.596271
52 8.812292
53 14.223882
54 8.504683
55 5.403182
56 16.772154
57 26.327447
58 20.963358
59 17.643308
60 28.797181
61 27.918294
62 24.733370
63 35.080474
64 16.124773
65 27.591245
66 21.812222
67 10.742059
68 17.136086
69 10.069767
70 5.747508
71 19.904098
72 27.328156
73 20.621981
74 16.079599
75 30.034773
76 26.651579
77 22.229379
78 35.378099
79 14.962084
80 29.258175
81 24.736329
82 12.624778
83 19.942986
84 11.551342
85 5.960868
86 22.891625
87 28.216861
88 20.174173
89 14.376204
90 31.106077
91 25.239141
92 19.542294
93 35.505703
94 13.646312
95 30.735723
96 27.425032
97 14.468298
98 22.686633
99 12.977537
100 6.098171
101 25.792892
102 29.002353
103 19.615380
104 12.553667
105 32.049006
106 23.616802
107 16.642186
108 35.462563
109 12.177270
110 32.020465
111 29.815861
112 16.267429
113 25.370042
114 14.347803
115 6.165355
116 28.614031
117 29.676122
118 18.934340
119 10.599944
120 32.865002
121 21.763388
122 13.494640
123 35.241904
124 10.525496
125 33.087049
126 31.862285
127 18.051554
128 28.013181
129 15.700133
130 6.200462
131 31.380924
132 30.255045
133 18.147400
134 8.544772
135 33.589736
136 19.703321
137 10.126373
138 34.863937
139 8.689248
140 33.951238
141 33.566871
