1 0.000000
2 19.818921
3 30.575376
4 16.930714
5 6.230997
6 33.942724
7 2.337151
8 4.090442
9 2.634350
10 2.537731
11 5.252229
12 22.000601
13 20.829055
14 20.475242
15 23.064861
16 30.514524
17 30.205734
18 32.401353
19 17.619937
20 20.461361
21 11.064380
22 4.560478
23 7.669732
24 4.726899
25 3.788089
26 9.347877
27 23.657502
28 21.005338
29 19.898849
30 25.246340
31 29.814202
32 28.731057
33 33.473222
34 17.381356
35 23.046089
36 14.885681
37 6.706740
38 11.030848
39 6.633585
40 4.733832
41 13.175488
42 25.087076
43 20.995639
44 18.939611
45 27.115790
46 28.929127
47 26.840175
48 34.326707
49 16.820135
50 25.363243
51 18.384594
52 8.727862
53 14.147516
54 8.354692
55 5.350188
56 16.603598
57 26.278833
58 20.804073
59 17.633555
60 28.634539
61 27.823934
62 24.597925
63 34.880457
64 15.910537
65 27.333615
66 21.568812
67 10.657917
68 17.052505
69 9.913708
70 5.692753
71 19.731274
72 27.275363
73 20.456131
74 16.067315
75 29.853585
76 26.534731
77 22.089229
78 35.174176
79 14.742003
80 29.008959
81 24.482799
82 12.543854
83 19.855109
84 11.391199
85 5.906021
86 22.712534
87 28.156491
88 20.005912
89 14.363305
90 30.909767
91 25.094496
92 19.395998
93 35.306082
94 13.429351
95 30.500479
96 27.175164
97 14.392225
98 22.596474
99 12.813449
100 6.043644
101 25.606140
102 28.932454
103 19.446097
104 12.539842
105 31.838401
106 23.438007
107 16.494279
108 35.272888
109 11.973648
110 31.803467
111 29.578041
112 16.196585
113 25.279862
114 14.181562
115 6.113698
116 28.419137
117 29.597262
118 18.762871
119 10.582900
120 32.643351
121 21.556397
122 13.371747
123 35.059371
124 10.351904
125 32.889991
126 31.627298
127 17.986907
128 27.923818
129 15.533141
130 6.154329
131 31.180122
132 30.168846
133 17.969785
134 8.520575
135 33.368282
136 19.503375
137 10.044549
138 34.681716
139 8.566450
140 33.769957
141 33.341639
