1 0.000000
2 19.804084
3 30.609655
4 17.100818
5 6.488537
6 34.158988
7 2.320782
8 4.046091
9 2.726328
10 2.623785
11 5.365526
12 21.926436
13 20.886725
14 20.543912
15 23.061691
16 30.663344
17 30.252844
18 32.416141
19 17.811977
20 20.747853
21 11.276794
22 4.546104
23 7.660073
24 4.884259
25 3.949753
26 9.497982
27 23.614169
28 21.107474
29 20.058142
30 25.322635
31 29.990474
32 28.754894
33 33.539920
34 17.638620
35 23.352541
36 15.029444
37 6.695760
38 11.037805
39 6.818772
40 4.928377
41 13.319803
42 25.065283
43 21.118997
44 19.162428
45 27.229843
46 29.097614
47 26.843117
48 34.442932
49 17.098213
50 25.644062
51 18.500799
52 8.717092
53 14.157341
54 8.546397
55 5.570220
56 16.742906
57 26.274876
58 20.939420
59 17.870063
60 28.766750
61 27.979430
62 24.612175
63 35.024128
64 16.183633
65 27.612833
66 21.694567
67 10.646781
68 17.063958
69 10.104707
70 5.926277
71 19.877172
72 27.286076
73 20.598957
74 16.305329
75 30.002845
76 26.686060
77 22.127717
78 35.332532
79 15.004902
80 29.290577
81 24.629252
82 12.531979
83 19.868986
84 11.578717
85 6.146278
86 22.870988
87 28.179295
88 20.153226
89 14.599971
90 31.075299
91 25.245657
92 19.465189
93 35.473496
94 13.680133
95 30.781095
96 27.346989
97 14.379636
98 22.613469
99 12.996136
100 6.287000
101 25.778006
102 28.965451
103 19.597644
104 12.772710
105 32.015305
106 23.590072
107 16.598273
108 35.447763
109 12.208841
110 32.079738
111 29.780877
112 16.184362
113 25.300697
114 14.359990
115 6.359956
116 28.604061
117 29.641298
118 18.918243
119 10.813891
120 32.826678
121 21.707756
122 13.512147
123 35.250061
124 10.568395
125 33.157437
126 31.851825
127 17.974603
128 27.950498
129 15.707973
130 6.405175
131 31.379267
132 30.224547
133 18.128875
134 8.758570
135 33.560198
136 19.659931
137 10.233073
138 34.895652
139 8.778593
140 34.035021
141 33.576162
