1 0.000000
2 19.761155
3 29.988996
4 17.283356
5 6.856279
6 34.194330
7 2.359275
8 3.919084
9 2.714129
10 2.556819
11 5.340790
12 21.700052
13 20.685574
14 20.347897
15 23.015305
16 29.896803
17 29.538762
18 31.913453
19 18.084140
20 20.882802
21 11.504887
22 4.579481
23 7.420130
24 4.890027
25 3.987778
26 9.545231
27 23.242392
28 20.954809
29 19.923752
30 25.321312
31 29.291875
32 28.212666
33 33.186646
34 17.902389
35 23.523511
36 15.322963
37 6.718413
38 10.713534
39 6.867051
40 5.054994
41 13.395063
42 24.614875
43 21.033635
44 19.117927
45 27.263990
46 28.515161
47 26.563684
48 34.207409
49 17.420382
50 25.843934
51 18.864303
52 8.739207
53 13.776911
54 8.626873
55 5.755799
56 16.846666
57 25.769519
58 20.902852
59 17.927870
60 28.823587
61 27.524256
62 24.509119
63 34.874116
64 16.590526
65 27.786356
66 22.075711
67 10.663629
68 16.642719
69 10.209365
70 6.160739
71 19.979132
72 26.735839
73 20.595083
74 16.438218
75 30.067740
76 26.338901
77 22.127759
78 35.237409
79 15.471754
80 29.415908
81 24.968667
82 12.537447
83 19.408535
84 11.703070
85 6.419657
86 22.960234
87 27.592184
88 20.180109
89 14.788058
90 31.139322
91 25.001296
92 19.551334
93 35.409838
94 14.179642
95 30.849244
96 27.606174
97 14.372672
98 22.114077
99 13.140299
100 6.599040
101 25.857357
102 28.349246
103 19.660407
104 13.011413
105 32.081189
106 23.460200
107 16.773175
108 35.402479
109 12.715852
110 32.082956
111 29.931530
112 16.168156
113 24.762839
114 14.524042
115 6.707270
116 28.678015
117 29.002855
118 19.020706
119 11.102162
120 32.893819
121 21.680667
122 13.753931
123 35.211651
124 11.069768
125 33.097049
126 31.904794
127 17.946264
128 27.372133
129 15.885490
130 6.773391
131 31.440685
132 29.569566
133 18.271566
134 9.081290
135 33.605678
136 19.696122
137 10.498497
138 34.849162
139 9.268768
140 33.912885
141 33.540257
