1 0.000000
2 19.807927
3 30.394900
4 17.139975
5 6.654697
6 34.295452
7 2.376240
8 4.031240
9 2.745837
10 2.500702
11 5.404809
12 21.893257
13 20.790668
14 20.382223
15 23.127181
16 30.384238
17 29.991734
18 32.308153
19 17.913934
20 20.789930
21 11.521474
22 4.598644
23 7.622170
24 4.874501
25 3.878712
26 9.596565
27 23.493129
28 21.030729
29 19.901508
30 25.427369
31 29.734375
32 28.618177
33 33.516239
34 17.731362
35 23.435600
36 15.417484
37 6.743332
38 10.962032
39 6.808685
40 4.924098
41 13.464521
42 24.897377
43 21.068928
44 19.041434
45 27.369619
46 28.904387
47 26.869471
48 34.482320
49 17.238393
50 25.801880
51 18.988186
52 8.766698
53 14.054255
54 8.550010
55 5.609669
56 16.919140
57 26.080922
58 20.907040
59 17.807087
60 28.928535
61 27.857765
62 24.729666
63 35.110477
64 16.396094
65 27.795646
66 22.198579
67 10.694336
68 16.942567
69 10.119776
70 6.002170
71 20.054652
72 27.074245
73 20.576365
74 16.288857
75 30.173615
76 26.617629
77 22.288477
78 35.445429
79 15.272014
80 29.460775
81 25.097485
82 12.572745
83 19.730444
84 11.602013
85 6.251104
86 23.042260
87 27.955688
88 20.140642
89 14.619919
90 31.246960
91 25.224174
92 19.658326
93 35.597513
94 13.981782
95 30.921416
96 27.742732
97 14.411788
98 22.457727
99 13.026944
100 6.420083
101 25.943979
102 28.735304
103 19.599967
104 12.829413
105 32.189019
106 23.619965
107 16.818182
108 35.574088
109 12.530499
110 32.177254
111 30.070726
112 16.208617
113 25.127179
114 14.396812
115 6.516135
116 28.766930
117 29.405755
118 18.942333
119 10.908127
120 33.003075
121 21.779846
122 13.727161
123 35.372824
124 10.895766
125 33.208767
126 32.050577
127 17.988747
128 27.756936
129 15.747432
130 6.572885
131 31.533650
132 29.981060
133 18.175635
134 8.881143
135 33.722725
136 19.730948
137 10.412524
138 35.005070
139 9.084043
140 34.044712
141 33.707604
