1 0.000000
2 19.776927
3 30.238711
4 17.214250
5 6.727650
6 34.354242
7 2.371156
8 3.995000
9 2.711107
10 2.519523
11 5.385320
12 21.809289
13 20.723629
14 20.379834
15 23.070505
16 30.164637
17 29.860521
18 32.223298
19 17.995583
20 20.829918
21 11.461642
22 4.589126
23 7.530908
24 4.864438
25 3.925774
26 9.600250
27 23.378349
28 20.976356
29 19.923245
30 25.389409
31 29.531422
32 28.549965
33 33.474372
34 17.810917
35 23.463666
36 15.352343
37 6.730204
38 10.849727
39 6.825368
40 4.977200
41 13.467517
42 24.768971
43 21.031767
44 19.072524
45 27.348358
46 28.724217
47 26.844367
48 34.461361
49 17.324618
50 25.813356
51 18.927641
52 8.752695
53 13.936633
54 8.576704
55 5.661852
56 16.927789
57 25.941065
58 20.886671
59 17.856783
60 28.918602
61 27.703208
62 24.724741
63 35.104153
64 16.491366
65 27.788179
66 22.154940
67 10.678337
68 16.821543
69 10.154976
70 6.054374
71 20.071164
72 26.921919
73 20.570344
74 16.350371
75 30.173192
76 26.486836
77 22.295593
78 35.453458
79 15.373757
80 29.442743
81 25.064850
82 12.553538
83 19.603849
84 11.646143
85 6.304795
86 23.065210
87 27.791579
88 20.146795
89 14.687796
90 31.256023
91 25.117790
92 19.674156
93 35.615887
94 14.085208
95 30.899524
96 27.716700
97 14.389521
98 22.324619
99 13.080814
100 6.477801
101 25.975455
102 28.562462
103 19.616316
104 12.902488
105 32.210384
106 23.544885
107 16.843894
108 35.600708
109 12.629262
110 32.157855
111 30.053132
112 16.184420
113 24.987401
114 14.461148
115 6.580614
116 28.808809
117 29.230690
118 18.966218
119 10.985837
120 33.036988
121 21.736168
122 13.763784
123 35.404517
124 10.989323
125 33.198903
126 32.039000
127 17.961961
128 27.609713
129 15.819376
130 6.643502
131 31.585249
132 29.811444
133 18.209618
134 8.957971
135 33.765155
136 19.722145
137 10.446534
138 35.039035
139 9.173573
140 34.051633
141 33.702684
