1 0.000000
2 19.747333
3 30.061236
4 17.240531
5 6.858170
6 34.333594
7 2.347600
8 3.940019
9 2.704602
10 2.543517
11 5.381315
12 21.721463
13 20.688825
14 20.377212
15 23.037521
16 29.997968
17 29.652123
18 32.038668
19 18.056338
20 20.864718
21 11.514969
22 4.562682
23 7.442996
24 4.869241
25 3.983496
26 9.604301
27 23.271448
28 20.959890
29 19.967781
30 25.366058
31 29.392156
32 28.327285
33 33.319607
34 17.894159
35 23.528862
36 15.355920
37 6.701206
38 10.742528
39 6.839026
40 5.058603
41 13.474336
42 24.651132
43 21.032757
44 19.149595
45 27.332084
46 28.606620
47 26.652244
48 34.347069
49 17.425465
50 25.880753
51 18.917046
52 8.722459
53 13.815237
54 8.594776
55 5.759652
56 16.931545
57 25.813469
58 20.894944
59 17.948896
60 28.905501
61 27.602807
62 24.577961
63 35.011295
64 16.602953
65 27.849545
66 22.138963
67 10.647852
68 16.689291
69 10.175482
70 6.161268
71 20.070604
72 26.786386
73 20.582098
74 16.452417
75 30.161074
76 26.403042
77 22.184089
78 35.372876
79 15.490383
80 29.499519
81 25.040211
82 12.522812
83 19.462056
84 11.667935
85 6.417731
86 23.059946
87 27.649167
88 20.161918
89 14.797443
90 31.243992
91 25.050445
92 19.595805
93 35.546540
94 14.205721
95 30.950153
96 27.688098
97 14.358951
98 22.173430
99 13.103611
100 6.596749
101 25.965779
102 28.412827
103 19.635134
104 13.017780
105 32.197221
106 23.493813
107 16.804169
108 35.543208
109 12.751929
110 32.198911
111 30.025589
112 16.154731
113 24.827069
114 14.485239
115 6.705545
116 28.795640
117 29.073444
118 18.987392
119 11.105156
120 33.020062
121 21.698417
122 13.769692
123 35.358684
124 11.111599
125 33.224424
126 32.012088
127 17.932701
128 27.440656
129 15.844583
130 6.772739
131 31.568555
132 29.644513
133 18.232279
134 9.079776
135 33.740733
136 19.697084
137 10.506547
138 35.002388
139 9.303237
140 34.050207
141 33.664662
