1 0.000000
2 19.847568
3 30.479719
4 17.149102
5 6.490511
6 34.202823
7 2.393803
8 4.054106
9 2.739113
10 2.566441
11 5.416760
12 21.929043
13 20.819712
14 20.401578
15 23.136930
16 30.444508
17 30.065152
18 32.381671
19 17.939228
20 20.760698
21 11.363922
22 4.623177
23 7.652595
24 4.861281
25 3.888868
26 9.568552
27 23.537102
28 21.062897
29 19.879200
30 25.405476
31 29.771255
32 28.687931
33 33.570395
34 17.713056
35 23.372716
36 15.255925
37 6.771735
38 11.004736
39 6.792869
40 4.874442
41 13.407632
42 24.946191
43 21.101872
44 18.985448
45 27.315467
46 28.923773
47 26.898683
48 34.510822
49 17.179309
50 25.704611
51 18.809926
52 8.796276
53 14.110128
54 8.535131
55 5.525440
56 16.845225
57 26.133979
58 20.939306
59 17.727847
60 28.856824
61 27.864969
62 24.718371
63 35.104418
64 16.307240
65 27.671962
66 22.017644
67 10.725491
68 17.006032
69 10.106757
70 5.896663
71 19.975835
72 27.131239
73 20.607795
74 16.192765
75 30.093003
76 26.618112
77 22.249484
78 35.414017
79 15.165678
80 29.327843
81 24.927320
82 12.605756
83 19.799409
84 11.592495
85 6.129858
86 22.960416
87 28.017294
88 20.170381
89 14.511709
90 31.161768
91 25.220040
92 19.597361
93 35.549990
94 13.864787
95 30.788379
96 27.592806
97 14.446252
98 22.530743
99 13.022489
100 6.284663
101 25.859110
102 28.803162
103 19.625446
104 12.709419
105 32.101700
106 23.611603
107 16.733699
108 35.514570
109 12.406434
110 32.052766
111 29.948146
112 16.243321
113 25.203233
114 14.397295
115 6.367699
116 28.678520
117 29.481638
118 18.959621
119 10.774762
120 32.916780
121 21.771907
122 13.616553
123 35.300136
124 10.763577
125 33.100109
126 31.954638
127 18.025109
128 27.836531
129 15.752020
130 6.414544
131 31.442338
132 30.066182
133 18.184722
134 8.736598
135 33.641503
136 19.729609
137 10.277449
138 34.919444
139 8.936795
140 33.958286
141 33.629398
