1 0.000000
2 19.570943
3 30.036088
4 16.827997
5 6.299804
6 33.165786
7 2.197256
8 4.043862
9 2.617800
10 2.266375
11 4.946023
12 21.467301
13 20.357859
14 20.386369
15 22.402033
16 29.895407
17 29.864371
18 31.474757
19 17.363075
20 20.055878
21 10.928677
22 4.376897
23 7.518809
24 4.656897
25 3.479497
26 8.771232
27 23.061082
28 20.511422
29 19.997615
30 24.520638
31 29.122541
32 28.392569
33 32.395294
34 17.157031
35 22.518921
36 14.580419
37 6.505301
38 10.769015
39 6.526570
40 4.458892
41 12.440269
42 24.455977
43 20.532376
44 19.114539
45 26.348523
46 28.148579
47 26.454619
48 33.216482
49 16.541795
50 24.751617
51 17.987358
52 8.517120
53 13.799433
54 8.240812
55 5.164720
56 15.808793
57 25.622480
58 20.390060
59 17.832457
60 27.833052
61 26.992156
62 24.219033
63 33.796992
64 15.585878
65 26.660118
66 21.145713
67 10.440231
68 16.649414
69 9.803293
70 5.574706
71 18.916869
72 26.593798
73 20.079496
74 16.263266
75 29.048993
76 25.702085
77 21.729991
78 34.129134
79 14.413578
80 28.283766
81 24.027513
82 12.318101
83 19.411676
84 11.285976
85 5.836188
86 21.897166
87 27.452537
88 19.655982
89 14.539329
90 30.113665
91 24.301388
92 19.072285
93 34.297797
94 13.113270
95 29.739627
96 26.657287
97 14.157093
98 22.120534
99 12.715681
100 6.017758
101 24.793373
102 28.218133
103 19.124059
104 12.687256
105 31.053956
106 22.737257
107 16.231496
108 34.312039
109 11.681163
110 31.017688
111 28.991163
112 15.952729
113 24.778973
114 14.089787
115 6.129146
116 27.609876
117 28.890230
118 18.469387
119 10.689181
120 31.862884
121 20.996045
122 13.186642
123 34.162436
124 10.089368
125 32.072236
126 31.020960
127 17.736727
128 27.402335
129 15.439210
130 6.201917
131 30.380754
132 29.497607
133 17.707171
134 8.582472
135 32.579263
136 19.130339
137 9.987926
138 33.871386
139 8.350421
140 32.902783
141 32.681280
