1 0.000000
2 19.744283
3 30.142161
4 17.237526
5 6.844686
6 34.362472
7 2.350315
8 3.968370
9 2.706145
10 2.540921
11 5.385806
12 21.747125
13 20.685956
14 20.375851
15 23.049436
16 30.078204
17 29.748701
18 32.134549
19 18.030142
20 20.857387
21 11.526687
22 4.563745
23 7.490538
24 4.870985
25 3.975798
26 9.611102
27 23.313278
28 20.956413
29 19.962786
30 25.390311
31 29.458267
32 28.418401
33 33.405387
34 17.868827
35 23.518828
36 15.380190
37 6.701698
38 10.796919
39 6.839919
40 5.044481
41 13.481369
42 24.705936
43 21.027731
44 19.137919
45 27.361089
46 28.663347
47 26.727340
48 34.415476
49 17.405053
50 25.875587
51 18.941642
52 8.723012
53 13.873613
54 8.596493
55 5.742761
56 16.938737
57 25.877099
58 20.888547
59 17.935598
60 28.932331
61 27.653838
62 24.638229
63 35.069146
64 16.583957
65 27.848482
66 22.160779
67 10.647931
68 16.751479
69 10.177298
70 6.144131
71 20.080673
72 26.855151
73 20.574501
74 16.438919
75 30.185356
76 26.447210
77 22.234567
78 35.425077
79 15.471131
80 29.501750
81 25.062648
82 12.522175
83 19.528042
84 11.669386
85 6.401133
86 23.073749
87 27.721216
88 20.152877
89 14.783795
90 31.266607
91 25.086123
92 19.637032
93 35.594077
94 14.184716
95 30.956168
96 27.712806
97 14.357504
98 22.243510
99 13.104412
100 6.580651
101 25.983471
102 28.486984
103 19.624358
104 13.003980
105 32.219275
106 23.518954
107 16.833787
108 35.586000
109 12.728092
110 32.210378
111 30.053158
112 16.152426
113 24.901413
114 14.484880
115 6.689893
116 28.817153
117 29.148055
118 18.975536
119 11.091761
120 33.043221
121 21.712142
122 13.786927
123 35.397391
124 11.086371
125 33.245486
126 32.047140
127 17.929829
128 27.518747
129 15.842916
130 6.757872
131 31.593892
132 29.718934
133 18.221436
134 9.068163
135 33.767058
136 19.702972
137 10.509418
138 35.037298
139 9.277057
140 34.085434
141 33.717257
