1 0.000000
2 19.677424
3 30.048295
4 16.501696
5 6.132652
6 33.445933
7 2.225787
8 4.017870
9 2.443254
10 2.116376
11 4.823528
12 21.679074
13 20.202401
14 20.191727
15 22.431778
16 29.755821
17 29.752570
18 31.406730
19 17.128268
20 19.752967
21 10.543840
22 4.389795
23 7.466163
24 4.403784
25 3.263714
26 8.727353
27 23.295057
28 20.312207
29 19.715792
30 24.632076
31 28.993242
32 28.302301
33 32.324517
34 16.994034
35 22.335381
36 14.187319
37 6.530794
38 10.714529
39 6.243475
40 4.268863
41 12.469748
42 24.693528
43 20.323589
44 18.844071
45 26.506369
46 28.048695
47 26.311545
48 33.164615
49 16.401692
50 24.573129
51 17.606893
52 8.562604
53 13.760090
54 7.937641
55 5.035083
56 15.875135
57 25.859708
58 20.182720
59 17.602318
60 28.021866
61 26.911278
62 24.038577
63 33.831084
64 15.501529
65 26.451320
66 20.753326
67 10.497427
68 16.626224
69 9.489453
70 5.463992
71 19.003033
72 26.833073
73 19.873770
74 16.052685
75 29.263154
76 25.636566
77 21.549315
78 34.222271
79 14.373039
80 28.052353
81 23.607791
82 12.381971
83 19.404328
84 10.967435
85 5.715623
86 22.010810
87 27.690464
88 19.445961
89 14.322086
90 30.347293
91 24.242860
92 18.892320
93 34.420160
94 13.099217
95 29.505331
96 26.226677
97 14.225759
98 22.128605
99 12.393961
100 5.881535
101 24.945052
102 28.443055
103 18.903450
104 12.458752
105 31.298833
106 22.665515
107 16.044497
108 34.434367
109 11.687953
110 30.823997
111 28.597032
112 16.025587
113 24.797733
114 13.763743
115 5.977411
116 27.807725
117 29.083484
118 18.239399
119 10.458619
120 32.107049
121 20.889557
122 12.987661
123 34.252828
124 10.114637
125 31.978480
126 30.695702
127 17.820255
128 27.423205
129 15.110981
130 6.040918
131 30.623343
132 29.632899
133 17.438995
134 8.367392
135 32.807841
136 18.953880
137 9.776452
138 33.927523
139 8.390079
140 32.926292
141 32.564774
