1 0.000000
2 19.831238
3 30.550338
4 17.084587
5 6.289428
6 34.023510
7 2.333512
8 4.015764
9 2.710244
10 2.506530
11 5.377087
12 21.850682
13 20.849950
14 20.475829
15 22.932239
16 30.529211
17 30.175424
18 32.308593
19 17.674007
20 20.674303
21 11.073876
22 4.565739
23 7.617320
24 4.825881
25 3.779541
26 9.474477
27 23.503300
28 21.062458
29 19.958621
30 25.173013
31 29.851877
32 28.658397
33 33.395569
34 17.400215
35 23.253658
36 14.849492
37 6.714263
38 10.979064
39 6.751045
40 4.734111
41 13.257419
42 24.929357
43 21.068792
44 19.017369
45 27.094016
46 28.961100
47 26.703297
48 34.275249
49 16.786451
50 25.541524
51 18.343565
52 8.733512
53 14.092996
54 8.480454
55 5.374508
56 16.661238
57 26.126132
58 20.890744
59 17.701597
60 28.646937
61 27.846515
62 24.444440
63 34.846483
64 15.839291
65 27.495232
66 21.554132
67 10.662775
68 16.998265
69 10.043430
70 5.732982
71 19.783332
72 27.137218
73 20.552631
74 16.122980
75 29.895342
76 26.561355
77 21.943398
78 35.157239
79 14.652058
80 29.162764
81 24.493166
82 12.547681
83 19.802934
84 11.524605
85 5.952383
86 22.766269
87 28.035592
88 20.110714
89 14.408504
90 30.973440
91 25.135816
92 19.271064
93 35.306991
94 13.327104
95 30.647856
96 27.209059
97 14.395491
98 22.547717
99 12.951434
100 6.092264
101 25.663072
102 28.831909
103 19.558923
104 12.573083
105 31.913651
106 23.506623
107 16.402309
108 35.291975
109 11.862776
110 31.947433
111 29.644057
112 16.201656
113 25.235629
114 14.325350
115 6.165159
116 28.479672
117 29.521779
118 18.879544
119 10.603727
120 32.718792
121 21.662241
122 13.320021
123 35.100944
124 10.237969
125 33.032250
126 31.732656
127 17.994274
128 27.887024
129 15.682842
130 6.210065
131 31.247437
132 30.125275
133 18.092902
134 8.541468
135 33.440314
136 19.655849
137 10.034446
138 34.754295
139 8.470279
140 33.910055
141 33.453413
