1 0.000000
2 19.613373
3 30.127185
4 16.887092
5 6.098993
6 33.623830
7 2.268642
8 3.886503
9 2.658102
10 2.339965
11 5.142438
12 21.559900
13 20.607546
14 20.373573
15 22.710094
16 30.107912
17 29.768487
18 31.810644
19 17.568746
20 20.315211
21 10.894515
22 4.460562
23 7.410175
24 4.734892
25 3.546892
26 9.084995
27 23.194012
28 20.758277
29 19.896451
30 24.910223
31 29.378808
32 28.185476
33 32.817736
34 17.319636
35 22.864555
36 14.673722
37 6.583580
38 10.699310
39 6.612068
40 4.514164
41 12.781957
42 24.624721
43 20.756137
44 18.944143
45 26.740546
46 28.440541
47 26.254346
48 33.675402
49 16.629942
50 25.151650
51 18.150390
52 8.589621
53 13.774508
54 8.315243
55 5.162191
56 16.163265
57 25.820219
58 20.587480
59 17.599487
60 28.219018
61 27.310488
62 24.014517
63 34.275973
64 15.625817
65 27.099168
66 21.337767
67 10.507005
68 16.657328
69 9.868091
70 5.523230
71 19.291804
72 26.816084
73 20.255762
74 15.999391
75 29.432989
76 26.032903
77 21.522195
78 34.621052
79 14.417745
80 28.747703
81 24.250919
82 12.379405
83 19.441538
84 11.344353
85 5.746915
86 22.288553
87 27.695968
88 19.820071
89 14.265257
90 30.496285
91 24.627349
92 18.860931
93 34.799715
94 13.090755
95 30.215971
96 26.931807
97 14.214326
98 22.168575
99 12.767598
100 5.893413
101 25.200801
102 28.478729
103 19.281170
104 12.413154
105 31.434439
106 23.031966
107 16.014049
108 34.813997
109 11.638933
110 31.500275
111 29.332136
112 16.006976
113 24.841097
114 14.137807
115 5.971860
116 28.033150
117 29.159904
118 18.619944
119 10.426642
120 32.251798
121 21.227787
122 12.960362
123 34.657204
124 10.034616
125 32.571298
126 31.425295
127 17.787154
128 27.477855
129 15.490522
130 6.018670
131 30.821097
132 29.747804
133 17.842528
134 8.344992
135 32.995172
136 19.281553
137 9.743943
138 34.353024
139 8.293167
140 33.441582
141 33.196647
