1 0.000000
2 19.851604
3 30.578493
4 17.044403
5 6.331197
6 34.117129
7 2.388382
8 4.084927
9 2.686496
10 2.543247
11 5.367293
12 21.988931
13 20.805836
14 20.402434
15 23.072619
16 30.510291
17 30.140949
18 32.422933
19 17.818146
20 20.635018
21 11.186456
22 4.622087
23 7.686575
24 4.794988
25 3.816048
26 9.500866
27 23.625728
28 21.035532
29 19.851379
30 25.320330
31 29.817290
32 28.700013
33 33.563126
34 17.589834
35 23.240978
36 15.070006
37 6.773733
38 11.050629
39 6.713156
40 4.783132
41 13.331361
42 25.043134
43 21.060595
44 18.922455
45 27.224767
46 28.945843
47 26.862656
48 34.464846
49 17.044486
50 25.568538
51 18.633285
52 8.797476
53 14.169610
54 8.445321
55 5.419784
56 16.764498
57 26.233238
58 20.889325
59 17.642883
60 28.769043
61 27.863566
62 24.651264
63 35.035382
64 16.159912
65 27.538000
66 21.849436
67 10.726057
68 17.075737
69 10.010850
70 5.778448
71 19.894363
72 27.233248
73 20.551607
74 16.093619
75 30.008428
76 26.600329
77 22.162774
78 35.332527
79 15.008274
80 29.201218
81 24.768367
82 12.606715
83 19.876610
84 11.493066
85 6.001175
86 22.878969
87 28.121639
88 20.108945
89 14.402562
90 31.080498
91 25.189140
92 19.494382
93 35.460640
94 13.700628
95 30.672006
96 27.449133
97 14.447764
98 22.614064
99 12.920614
100 6.146098
101 25.776808
102 28.908609
103 19.557618
104 12.590883
105 32.023103
106 23.566709
107 16.614671
108 35.420534
109 12.237721
110 31.946146
111 29.829238
112 16.244899
113 25.291365
114 14.292989
115 6.219974
116 28.594538
117 29.584795
118 18.883696
119 10.645545
120 32.838692
121 21.713022
122 13.483630
123 35.205844
124 10.591122
125 33.000867
126 31.867318
127 18.027270
128 27.929357
129 15.646468
130 6.259771
131 31.357012
132 30.164582
133 18.099453
134 8.596081
135 33.561604
136 19.651617
137 10.136227
138 34.832739
139 8.760693
140 33.867221
141 33.569020
