1 0.000000
2 19.853913
3 30.688939
4 17.146918
5 6.274526
6 34.144624
7 2.363284
8 4.108808
9 2.734761
10 2.618628
11 5.375622
12 22.040233
13 20.893176
14 20.501180
15 23.185813
16 30.619045
17 30.309894
18 32.599352
19 17.845348
20 20.712922
21 11.249322
22 4.606137
23 7.742832
24 4.880824
25 3.889499
26 9.501081
27 23.714233
28 21.121856
29 19.948211
30 25.390319
31 29.924473
32 28.861170
33 33.714187
34 17.570171
35 23.298451
36 15.107613
37 6.766368
38 11.125249
39 6.813249
40 4.821949
41 13.336737
42 25.151435
43 21.147099
44 18.999475
45 27.271525
46 29.045097
47 26.991799
48 34.589349
49 16.998150
50 25.612572
51 18.617386
52 8.790915
53 14.253687
54 8.552095
55 5.424732
56 16.773035
57 26.347915
58 20.971543
59 17.697942
60 28.807888
61 27.952852
62 24.754174
63 35.148106
64 16.092104
65 27.581459
66 21.805383
67 10.719842
68 17.165371
69 10.121767
70 5.763037
71 19.904229
72 27.349457
73 20.629994
74 16.129010
75 30.041454
76 26.682883
77 22.245442
78 35.439726
79 14.923112
80 29.256089
81 24.716030
82 12.602357
83 19.970439
84 11.605996
85 5.973638
86 22.890763
87 28.237672
88 20.181862
89 14.419290
90 31.109262
91 25.266760
92 19.554876
93 35.563803
94 13.604447
95 30.743497
96 27.402535
97 14.445686
98 22.711931
99 13.032995
100 6.108372
101 25.791431
102 29.022942
103 19.621857
104 12.588541
105 32.048107
106 23.639789
107 16.649845
108 35.516563
109 12.138316
110 32.036780
111 29.804666
112 16.244161
113 25.393312
114 14.401878
115 6.172597
116 28.612103
117 29.696750
118 18.940753
119 10.624927
120 32.860828
121 21.782838
122 13.504229
123 35.286228
124 10.498563
125 33.104334
126 31.861595
127 18.027809
128 28.035779
129 15.751307
130 6.205500
131 31.378986
132 30.276286
133 18.160610
134 8.560637
135 33.586170
136 19.730303
137 10.143266
138 34.895051
139 8.676909
140 33.962523
141 33.570435
