1 0.000000
2 19.733816
3 30.005664
4 17.248103
5 6.875131
6 34.268084
7 2.342162
8 3.925326
9 2.711946
10 2.556649
11 5.366558
12 21.679002
13 20.686378
14 20.364532
15 22.999373
16 29.949759
17 29.576977
18 31.972675
19 18.079601
20 20.884561
21 11.543167
22 4.555724
23 7.415069
24 4.872411
25 3.998251
26 9.573269
27 23.218938
28 20.964048
29 19.959880
30 25.326496
31 29.348769
32 28.259126
33 33.260762
34 17.917142
35 23.547479
36 15.384561
37 6.691492
38 10.705184
39 6.837919
40 5.070963
41 13.434591
42 24.594023
43 21.039778
44 19.154023
45 27.287668
46 28.568438
47 26.606084
48 34.289956
49 17.447152
50 25.890842
51 18.944419
52 8.710800
53 13.771233
54 8.593434
55 5.772058
56 16.891867
57 25.753903
58 20.904635
59 17.959514
60 28.861973
61 27.569410
62 24.548700
63 34.956529
64 16.623132
65 27.849847
66 22.160545
67 10.634998
68 16.641061
69 10.175000
70 6.175451
71 20.028372
72 26.725116
73 20.593493
74 16.466340
75 30.114810
76 26.375010
77 22.163845
78 35.320428
79 15.506846
80 29.490607
81 25.054304
82 12.509106
83 19.411034
84 11.668548
85 6.433435
86 23.013672
87 27.586418
88 20.174362
89 14.813201
90 31.192742
91 25.027368
92 19.582666
93 35.495040
94 14.217174
95 30.931961
96 27.693218
97 14.344774
98 22.120533
99 13.105757
100 6.613388
101 25.915321
102 28.348975
103 19.648323
104 13.034082
105 32.140698
106 23.472359
107 16.799103
108 35.491632
109 12.757480
110 32.171340
111 30.020418
112 16.140529
113 24.772978
114 14.489192
115 6.722839
116 28.740843
117 29.009109
118 19.000690
119 11.121637
120 32.959416
121 21.675946
122 13.774666
123 35.305388
124 11.112513
125 33.187901
126 31.993274
127 17.918758
128 27.385765
129 15.850304
130 6.790319
131 31.508806
132 29.581663
133 18.244024
134 9.098122
135 33.676910
136 19.677285
137 10.517619
138 34.942429
139 9.302452
140 34.003493
141 33.631653
