1 0.000000
2 19.824404
3 30.377835
4 17.151424
5 6.709571
6 34.369826
7 2.404738
8 4.054547
9 2.725226
10 2.503433
11 5.431757
12 21.910671
13 20.799714
14 20.390399
15 23.128824
16 30.332268
17 29.966150
18 32.318312
19 17.934406
20 20.791488
21 11.569637
22 4.629797
23 7.641079
24 4.857498
25 3.894582
26 9.638203
27 23.503669
28 21.032748
29 19.910658
30 25.436097
31 29.686220
32 28.621732
33 33.537180
34 17.762830
35 23.444610
36 15.493866
37 6.772489
38 10.971184
39 6.798612
40 4.951643
41 13.509814
42 24.900328
43 21.070945
44 19.054840
45 27.390181
46 28.864533
47 26.892970
48 34.510010
49 17.277806
50 25.820693
51 19.077022
52 8.794195
53 14.055792
54 8.544376
55 5.642036
56 16.964956
57 26.075600
58 20.913627
59 17.831739
60 28.964270
61 27.827971
62 24.766793
63 35.145586
64 16.440829
65 27.816393
66 22.290238
67 10.720289
68 16.939529
69 10.117915
70 6.038935
71 20.103416
72 27.062155
73 20.586977
74 16.322302
75 30.221249
76 26.596661
77 22.334938
78 35.485726
79 15.322676
80 29.482913
81 25.187677
82 12.596952
83 19.723701
84 11.603764
85 6.291910
86 23.094829
87 27.937841
88 20.154197
89 14.660980
90 31.303958
91 25.212900
92 19.711736
93 35.641220
94 14.037660
95 30.946294
96 27.826866
97 14.434233
98 22.447802
99 13.032381
100 6.464995
101 26.001730
102 28.712946
103 19.615100
104 12.877674
105 32.255132
106 23.620725
107 16.879008
108 35.622672
109 12.590995
110 32.207665
111 30.147021
112 16.229652
113 25.114753
114 14.406005
115 6.565223
116 28.830724
117 29.382408
118 18.957060
119 10.961834
120 33.075906
121 21.787751
122 13.794699
123 35.428042
124 10.959910
125 33.249032
126 32.114904
127 18.008011
128 27.742252
129 15.758991
130 6.625464
131 31.603214
132 29.959825
133 18.186953
134 8.937533
135 33.797677
136 19.734898
137 10.473588
138 35.066697
139 9.148089
140 34.098752
141 33.757544
