1 0.000000
2 19.754694
3 30.020339
4 17.261292
5 6.866374
6 34.241289
7 2.351415
8 3.934793
9 2.700979
10 2.572008
11 5.365854
12 21.699850
13 20.691712
14 20.371746
15 23.017932
16 29.946357
17 29.593544
18 31.970313
19 18.103638
20 20.898001
21 11.536449
22 4.568976
23 7.435727
24 4.873987
25 4.010686
26 9.572802
27 23.240613
28 20.963108
29 19.957689
30 25.340489
31 29.337969
32 28.276819
33 33.247885
34 17.944075
35 23.554404
36 15.375888
37 6.708105
38 10.727414
39 6.847646
40 5.078515
41 13.430206
42 24.616760
43 21.040977
44 19.155503
45 27.295346
46 28.554409
47 26.626225
48 34.268732
49 17.471794
50 25.883177
51 18.931344
52 8.730194
53 13.793055
54 8.606154
55 5.777206
56 16.882722
57 25.777225
58 20.907977
59 17.965250
60 28.860619
61 27.556992
62 24.567375
63 34.933942
64 16.644182
65 27.832788
66 22.147902
67 10.655630
68 16.662195
69 10.188253
70 6.179672
71 20.016409
72 26.747910
73 20.598024
74 16.473941
75 30.107287
76 26.365998
77 22.181649
78 35.298678
79 15.525820
80 29.467557
81 25.041100
82 12.530106
83 19.431030
84 11.681753
85 6.436448
86 22.999280
87 27.608034
88 20.180596
89 14.820928
90 31.180171
91 25.022276
92 19.599886
93 35.473152
94 14.234087
95 30.904680
96 27.677263
97 14.365753
98 22.139236
99 13.118673
100 6.613955
101 25.898287
102 28.369084
103 19.657235
104 13.040296
105 32.123122
106 23.473874
107 16.814778
108 35.467285
109 12.770666
110 32.141569
111 30.000391
112 16.161437
113 24.790284
114 14.501927
115 6.720217
116 28.720863
117 29.027539
118 19.012822
119 11.125916
120 32.937160
121 21.686996
122 13.788156
123 35.275521
124 11.120030
125 33.158416
126 31.972572
127 17.939675
128 27.401636
129 15.863087
130 6.784570
131 31.485571
132 29.598866
133 18.259159
134 9.099542
135 33.651062
136 19.694382
137 10.523467
138 34.908727
139 9.306617
140 33.974280
141 33.609114
