1 0.000000
2 19.658783
3 30.280730
4 16.995144
5 6.193874
6 33.595708
7 2.275853
8 3.954540
9 2.761332
10 2.462147
11 5.229969
12 21.632183
13 20.802346
14 20.449809
15 22.669157
16 30.326379
17 29.996335
18 31.966048
19 17.657813
20 20.520453
21 10.924236
22 4.479382
23 7.505060
24 4.843249
25 3.706669
26 9.207881
27 23.257433
28 20.968898
29 19.966981
30 24.876320
31 29.632830
32 28.436211
33 32.979921
34 17.413901
35 23.047082
36 14.694612
37 6.604059
38 10.815749
39 6.726525
40 4.662440
41 12.930848
42 24.667260
43 20.962718
44 19.032732
45 26.758356
46 28.717430
47 26.483618
48 33.802362
49 16.771676
50 25.283493
51 18.164927
52 8.609164
53 13.898794
54 8.430317
55 5.310756
56 16.307882
57 25.854988
58 20.787679
59 17.707778
60 28.272093
61 27.603929
62 24.244184
63 34.348914
64 15.798242
65 27.208717
66 21.351707
67 10.527587
68 16.785325
69 9.979845
70 5.668971
71 19.413943
72 26.858246
73 20.453974
74 16.120335
75 29.498360
76 26.334283
77 21.763471
78 34.652005
79 14.595339
80 28.855244
81 24.279936
82 12.402894
83 19.575685
84 11.452198
85 5.883235
86 22.383502
87 27.750072
88 20.016691
89 14.393677
90 30.565083
91 24.930540
92 19.106351
93 34.800384
94 13.263897
95 30.324313
96 26.978657
97 14.243048
98 22.309363
99 12.873433
100 6.016849
101 25.267604
102 28.543759
103 19.471138
104 12.540876
105 31.499071
106 23.328521
107 16.249748
108 34.790770
109 11.798849
110 31.606347
111 29.381841
112 16.043633
113 24.987972
114 14.243494
115 6.083022
116 28.072441
117 29.237469
118 18.796080
119 10.548386
120 32.303312
121 21.505436
122 13.182300
123 34.609240
124 10.169358
125 32.672711
126 31.442214
127 17.830173
128 27.629289
129 15.597115
130 6.121056
131 30.829576
132 29.847067
133 18.001913
134 8.464796
135 33.026553
136 19.520228
137 9.925848
138 34.289395
139 8.390757
140 33.526940
141 33.156747
