0 2.000000 28
1 -16.061494 29
2 -29.675897 27
3 -15.686572 27
4 0.667833 30
5 -32.310779 28
6 -0.547862 28
7 -2.136757 28
8 -1.591827 27
9 1.207360 29
10 -4.222693 27
11 -18.131151 29
12 -16.756343 29
13 -12.850065 30
14 -21.355196 28
15 -29.410418 27
16 -26.292485 29
17 -30.441665 28
18 -15.931104 28
19 -19.197867 27
20 -8.050715 29
21 -0.823018 29
22 -5.755680 28
23 -2.692012 28
24 -0.424579 29
25 -7.412406 28
26 -22.756780 27
27 -16.967933 29
28 -12.529279 30
29 -23.555055 28
30 -25.647064 29
31 -24.947876 29
32 -31.473580 28
33 -15.836967 28
34 -21.880629 27
35 -11.844856 29
36 -3.024377 29
37 -9.161638 28
38 -4.625328 28
39 2.367765 30
40 -12.411640 27
41 -24.215990 27
42 -16.972812 29
43 -15.807508 29
44 -25.486384 28
45 -26.747990 28
46 -23.286070 29
47 -32.380742 28
48 -15.476449 28
49 -24.291345 27
50 -15.312982 29
51 -5.074003 29
52 -12.313594 28
53 -6.337167 28
54 1.626734 30
55 -12.959814 29
56 -25.410099 27
57 -16.780481 29
58 -10.633943 30
59 -25.027216 29
60 -23.688786 29
61 -21.220796 29
62 -33.010510 28
63 -15.721605 27
64 -26.281371 27
65 -18.450960 29
66 -7.004886 29
67 -13.229319 29
68 -7.868430 28
69 1.225725 30
70 -16.105555 29
71 -26.386745 27
72 -16.429128 29
73 -13.131117 29
74 -28.253515 28
75 -25.442536 27
76 -18.782215 29
77 -33.363928 28
78 -14.650783 27
79 -26.938749 28
80 -17.308189 30
81 -4.877323 30
82 -18.025014 28
83 -9.318162 28
84 0.985281 30
85 -21.080734 28
86 -27.242222 27
87 -17.975897 28
88 -11.450488 29
89 -29.315193 28
90 -23.026204 28
91 -16.148541 29
92 -33.538730 28
93 -13.407986 27
94 -29.401565 27
95 -23.921656 29
96 -10.702930 29
97 -20.749564 28
98 -10.711252 28
99 -3.167942 29
100 -23.971282 28
101 -26.990234 28
102 -15.412728 29
103 -9.624887 29
104 -30.250735 28
105 -21.373048 28
106 -13.318235 29
107 -33.515871 28
108 -11.987774 27
109 -30.676517 27
110 -26.215239 29
111 -12.478049 29
112 -23.409920 28
113 -10.040106 29
114 0.756049 30
115 -26.786821 28
116 -28.629211 27
117 -16.720230 28
118 -3.651126 30
119 -31.065443 28
120 -17.460825 29
121 -10.263753 29
122 -33.273459 28
123 -10.357442 27
124 -30.766114 28
125 -28.159392 29
126 -10.241117 30
127 -26.034152 28
128 -13.341429 28
129 0.723015 30
130 -29.549005 28
131 -29.202601 27
132 -15.909636 28
133 -1.580938 30
134 -31.780960 28
135 -18.355152 27
136 -2.987570 30
137 -32.891358 28
138 -5.558129 29
139 -31.724116 28
140 -29.766309 29
