0 4.000000 92
1 -11.888234 93
2 -26.071135 92
3 -12.649833 92
4 -2.134666 92
5 -25.343044 93
6 1.545948 92
7 0.070043 92
8 1.442083 92
9 1.442185 92
10 -1.058172 92
11 -13.821778 93
12 -16.530154 92
13 -16.347230 92
14 -14.854643 93
15 -25.805817 92
16 -25.696773 92
17 -23.719627 93
18 -13.526339 92
19 -16.024768 92
20 -2.655211 93
21 -0.698057 92
22 -3.434889 92
23 3.385158 93
24 0.133428 92
25 -5.023135 92
26 -19.356419 92
27 -16.662463 92
28 -15.801531 92
29 -20.858157 92
30 -25.049644 92
31 -20.241853 93
32 -24.670492 93
33 -15.289483 91
34 -18.493213 92
35 -10.386545 92
36 -2.851783 92
37 -6.754530 92
38 -2.510840 92
39 -0.793226 92
40 -8.728633 92
41 -20.745127 92
42 -16.634044 92
43 -14.861978 92
44 -22.642805 92
45 -24.152781 92
46 -18.393116 93
47 -25.465701 93
48 -14.770616 91
49 -20.689814 92
50 -13.871608 92
51 -0.877477 93
52 -9.831706 92
53 -0.199399 93
54 -1.369391 92
55 -12.089810 92
56 -21.897857 92
57 -16.423973 92
58 -13.552210 92
59 -20.118723 93
60 -23.080338 92
61 -16.181766 93
62 -26.011513 93
63 -13.893007 91
64 -22.556500 92
65 -19.031290 91
66 -2.803882 93
67 -8.707972 93
68 -5.729996 92
69 -1.681761 92
70 -11.179881 93
71 -22.850633 92
72 -16.071908 92
73 -11.979655 92
74 -21.320412 93
75 -17.848950 93
76 -13.714687 93
77 -26.317614 93
78 -10.740110 92
79 -24.153112 92
80 -21.907461 91
81 -8.679094 92
82 -15.480368 92
83 -7.188630 92
84 -3.876711 91
85 -14.136801 93
86 -23.690752 92
87 -15.629969 92
88 -12.264873 91
89 -22.370480 93
90 -16.482787 93
91 -15.088963 92
92 -26.469336 93
93 -11.433099 91
94 -25.585918 92
95 -24.567852 91
96 -6.510442 93
97 -18.188825 92
98 -8.595359 92
99 -1.999845 92
100 -17.015050 93
101 -24.427527 92
102 -15.087900 92
103 -8.431536 92
104 -23.299160 93
105 -18.922482 92
106 -8.276030 93
107 -26.459272 93
108 -9.964907 91
109 -26.850684 92
110 -26.955727 91
111 -8.293537 93
112 -20.838020 92
113 -9.946124 92
114 1.944869 93
115 -19.822779 93
116 -25.059574 92
117 -14.430394 92
118 -6.476252 92
119 -24.104771 93
120 -17.137383 92
121 -5.241050 93
122 -26.268596 93
123 -8.306933 91
124 -27.929637 92
125 -27.014562 92
126 -10.063652 93
127 -23.449404 92
128 -11.275345 92
129 -2.078246 92
130 -22.582658 93
131 -25.621113 92
132 -13.671637 92
133 -4.426126 92
134 -24.807950 93
135 -15.142090 92
136 -5.956445 92
137 -25.928589 93
138 -7.488150 90
139 -28.857375 92
140 -28.698186 92
