0 2.000000 49
1 -18.032416 49
2 -28.501277 49
3 -12.830612 50
4 -2.336763 50
5 -29.598409 50
6 1.420058 50
7 -0.206867 50
8 -0.630010 49
9 -0.497209 49
10 -3.207162 49
11 -20.079146 49
12 -18.700271 49
13 -16.330927 50
14 -19.003678 50
15 -26.399395 50
16 -25.948412 50
17 -28.098771 50
18 -13.629674 50
19 -16.286080 50
20 -6.931824 50
21 -2.850971 49
22 -5.785363 49
23 -2.736125 49
24 -1.839275 49
25 -5.232218 50
26 -19.649634 50
27 -18.871888 49
28 -17.839753 49
29 -21.014432 50
30 -27.697248 49
31 -27.497376 48
32 -31.038705 49
33 -13.385136 50
34 -14.805227 51
35 -12.646389 49
36 -3.019915 50
37 -9.141650 49
38 -4.680584 49
39 -0.847332 50
40 -8.983846 50
41 -23.068135 49
42 -18.878962 49
43 -16.984259 49
44 -22.805069 50
45 -24.826598 50
46 -24.680791 49
47 -29.836090 50
48 -12.924110 50
49 -21.034808 50
50 -14.134044 50
51 -7.045706 49
52 -12.241843 49
53 -6.404724 49
54 -1.485860 50
55 -12.367617 50
56 -24.247237 49
57 -18.689784 49
58 -13.711412 50
59 -24.280184 50
60 -25.768105 49
61 -22.481296 49
62 -30.394078 50
63 -12.100675 50
64 -22.919094 50
65 -19.308356 49
66 -8.966815 49
67 -15.128681 49
68 -5.942842 50
69 -1.828742 50
70 -15.456689 50
71 -23.213964 50
72 -18.342076 49
73 -14.153463 49
74 -25.478679 50
75 -22.526809 50
76 -20.000382 49
77 -30.712608 50
78 -12.981144 49
79 -20.522251 51
80 -20.191796 50
81 -10.837155 49
82 -15.905983 50
83 -9.398811 49
84 -2.039649 50
85 -18.407102 50
86 -26.062067 49
87 -17.898529 49
88 -10.443971 50
89 -26.524434 50
90 -23.130791 49
91 -15.359049 50
92 -30.867133 50
93 -9.701826 50
94 -25.950697 50
95 -22.848919 50
96 -12.663184 49
97 -20.616310 49
98 -10.800772 49
99 -2.173705 50
100 -21.279251 50
101 -26.807716 49
102 -15.352311 50
103 -8.608347 50
104 -27.453672 50
105 -19.516746 50
106 -14.528733 49
107 -30.845442 50
108 -8.253111 50
109 -27.194988 50
110 -25.219903 50
111 -12.440349 50
112 -21.264448 50
113 -10.143899 50
114 -2.236068 50
115 -24.081274 50
116 -25.448040 50
117 -16.688066 49
118 -6.641961 50
119 -28.269990 50
120 -17.653750 50
121 -9.462353 50
122 -30.631048 50
123 -6.604221 50
124 -28.248025 50
125 -27.278594 50
126 -14.207338 50
127 -25.875853 49
128 -13.463922 49
129 -2.267462 50
130 -26.837726 50
131 -26.020056 50
132 -15.915529 49
133 -4.592130 50
134 -28.999466 50
135 -17.567525 49
136 -2.146822 51
137 -30.269474 50
138 -4.774696 50
139 -25.153463 51
140 -28.994947 50
