0 4.000000 43
1 -16.025785 43
2 -28.376395 42
3 -14.765979 42
4 1.723998 44
5 -29.554814 43
6 1.381101 43
7 -0.171631 43
8 1.410273 43
9 1.549465 43
10 2.824883 44
11 -18.045736 43
12 -16.754562 43
13 -12.291111 44
14 -21.022373 42
15 -29.248520 41
16 -28.757894 41
17 -30.026557 42
18 -15.501561 42
19 -18.183454 42
20 -6.910279 43
21 -0.871070 43
22 -3.733652 43
23 -0.696402 43
24 0.201751 43
25 -5.203860 43
26 -19.604907 43
27 -16.931849 43
28 -11.802955 44
29 -23.013213 42
30 -27.561895 42
31 -26.295723 42
32 -31.974580 41
33 -16.263536 41
34 -21.707337 41
35 -10.657416 43
36 -3.031201 43
37 -9.073152 42
38 -4.638939 42
39 3.206180 44
40 -8.963399 43
41 -23.017415 42
42 -16.931960 43
43 -10.939790 44
44 -24.795354 42
45 -27.705287 41
46 -24.502090 42
47 -31.776122 42
48 -14.798900 42
49 -22.943244 42
50 -16.141527 42
51 -5.051984 43
52 -10.155306 43
53 -6.359356 42
54 2.563525 44
55 -12.347694 43
56 -24.183377 42
57 -16.737865 43
58 -13.666556 43
59 -24.274336 43
60 -25.660838 42
61 -22.330777 42
62 -33.332453 41
63 -11.968143 43
64 -24.828853 42
65 -19.290587 42
66 -6.968446 43
67 -13.026577 43
68 -7.893831 42
69 2.219832 44
70 -15.433050 43
71 -25.139060 42
72 -16.383861 43
73 -12.107577 43
74 -25.474084 43
75 -24.431119 42
76 -19.863416 42
77 -32.643280 42
78 -12.846904 42
79 -27.424596 41
80 -20.151814 43
81 -8.834782 43
82 -17.793637 42
83 -7.346481 43
84 2.011830 44
85 -18.378888 43
86 -25.978773 42
87 -15.930375 43
88 -6.392763 44
89 -26.517126 43
90 -23.044004 42
91 -17.226040 42
92 -33.790348 41
93 -9.563543 43
94 -27.844700 42
95 -22.783883 43
96 -10.658668 43
97 -20.497947 42
98 -8.745554 43
99 1.879623 44
100 -21.248746 43
101 -26.716389 42
102 -15.369883 43
103 -8.551963 43
104 -27.445219 43
105 -21.434329 42
106 -14.396617 42
107 -32.765493 42
108 -10.105978 42
109 -29.087412 42
110 -27.112542 42
111 -12.435558 43
112 -23.143805 42
113 -12.086150 42
114 1.817937 44
115 -24.049808 43
116 -27.347767 42
117 -14.684660 43
118 -2.585751 44
119 -28.260385 43
120 -19.575289 42
121 -11.334170 42
122 -33.550624 41
123 -8.446359 42
124 -30.152856 42
125 -29.121929 42
126 -14.201951 43
127 -25.753488 42
128 -13.403178 42
129 1.788164 44
130 -26.802409 43
131 -27.909055 42
132 -15.888473 42
133 -4.536325 43
134 -28.980868 43
135 -17.498132 42
136 -6.031290 43
137 -32.195101 42
138 -4.621225 43
139 -29.085359 43
140 -28.830026 43
