0 8.000000 22
1 -11.897673 22
2 -22.697115 22
3 -0.777569 23
4 -3.451616 21
5 -26.046842 22
6 5.560455 22
7 3.919408 22
8 5.503051 22
9 0.808209 21
10 2.806352 22
11 -17.947117 21
12 -12.548619 22
13 -16.973534 21
14 -19.216674 21
15 -28.412047 20
16 -26.353811 21
17 -28.256269 21
18 -15.888295 20
19 -12.063622 22
20 -8.020396 21
21 3.294727 22
22 0.286270 22
23 3.414343 22
24 -0.769162 21
25 -1.251180 22
26 -19.610646 21
27 -12.741748 22
28 -18.698933 20
29 -21.340548 21
30 -27.644791 20
31 -25.094185 21
32 -29.234424 21
33 -15.826822 20
34 -18.662646 21
35 -11.724745 21
36 -2.893929 21
37 -7.136128 21
38 1.479699 22
39 2.084965 22
40 -5.178499 22
41 -21.144235 21
42 -16.745037 21
43 -17.974666 20
44 -19.206442 22
45 -26.734312 20
46 -23.396475 21
47 -30.100104 21
48 -16.513834 19
49 -21.036099 21
50 -15.164841 21
51 -4.923111 21
52 -10.310629 21
53 -0.249468 22
54 -2.600003 21
55 -8.674105 22
56 -22.402013 21
57 -16.572589 21
58 -14.807868 21
59 -24.707640 21
60 -25.664417 20
61 -17.315114 22
62 -32.703407 20
63 -15.795040 19
64 -22.979472 21
65 -14.295537 22
66 -2.843181 22
67 -9.243056 22
68 -1.800337 22
69 -2.959003 21
70 -3.814382 23
71 -19.408287 22
72 -16.250583 21
73 -13.320541 21
74 -25.915914 21
75 -22.421710 21
76 -18.886211 21
77 -31.048248 21
78 -13.731856 20
79 -24.594904 21
80 -17.140117 22
81 -8.710347 21
82 -12.045850 22
83 -3.272284 22
84 0.827361 22
85 -6.794255 23
86 -24.280235 21
87 -15.829978 21
88 -11.647993 21
89 -26.971672 21
90 -21.002824 21
91 -12.268801 22
92 -31.224235 21
93 -13.491131 19
94 -26.026099 21
95 -19.726471 22
96 -6.534446 22
97 -18.775714 21
98 -4.692067 22
99 -3.307888 21
100 -17.693419 22
101 -25.041831 21
102 -15.303030 21
103 -5.820082 22
104 -27.905785 21
105 -19.317549 21
106 -9.464416 22
107 -31.207677 21
108 -12.071458 19
109 -29.279044 20
110 -21.991072 22
111 -8.310957 22
112 -17.439915 22
113 -6.054767 22
114 -3.372000 21
115 -20.519001 22
116 -25.686236 21
117 -14.647006 21
118 -7.839253 21
119 -24.720570 22
120 -13.345300 22
121 -10.425108 21
122 -30.969047 21
123 -9.437148 20
124 -30.357272 20
125 -23.925106 22
126 -10.076172 22
127 -24.063790 21
128 -7.395081 22
129 -3.399061 21
130 -23.287447 22
131 -22.256918 22
132 -9.867960 22
133 -5.757872 21
134 -25.442771 22
135 -11.251296 22
136 -3.113517 22
137 -26.592406 22
138 -7.643855 20
139 -31.315829 20
140 -25.575865 22
