0 16.000000 115
1 -11.843994 114
2 -22.032868 114
3 -12.685403 113
4 1.920630 114
5 -29.268386 113
6 13.562861 115
7 4.066220 114
8 5.403327 114
9 5.444188 114
10 -1.001452 113
11 -5.824607 115
12 -12.523680 114
13 -12.318165 114
14 -21.814530 111
15 -21.814107 114
16 -27.632683 112
17 -27.670151 113
18 -13.565359 113
19 -12.071302 114
20 -6.572192 113
21 3.326142 114
22 0.577457 114
23 3.342423 114
24 0.141188 113
25 -4.975553 113
26 -15.356853 114
27 -16.657280 113
28 -11.757647 114
29 -22.826713 112
30 -25.071838 113
31 -24.179496 113
32 -30.650602 112
33 -9.313611 114
34 -18.542947 113
35 -10.322868 113
36 1.176214 114
37 -2.730660 114
38 -2.548897 113
39 3.208435 114
40 -8.686795 113
41 -16.728499 114
42 -12.620813 114
43 -10.805253 114
44 -24.607698 112
45 -24.175465 113
46 -22.334742 113
47 -29.457596 113
48 -8.767611 114
49 -16.737813 114
50 -13.801129 113
51 -0.846510 114
52 -5.798932 114
53 -0.232375 114
54 2.646373 114
55 -12.040994 113
56 -17.868383 114
57 -16.406036 113
58 -9.488277 114
59 -26.080533 112
60 -23.098047 113
61 -16.130467 114
62 -30.002597 113
63 -7.875942 114
64 -22.606127 113
65 -18.955979 112
66 -2.770659 114
67 -12.671023 113
68 -5.762779 113
69 2.343374 114
70 -15.125894 113
71 -18.813898 114
72 -16.053528 113
73 -7.909130 114
74 -25.276648 113
75 -21.863023 113
76 -13.666340 114
77 -26.305594 114
78 -6.716214 114
79 -24.204485 113
80 -19.830419 113
81 3.355623 115
82 -11.442303 114
83 -3.221952 114
84 2.154960 114
85 -20.078988 112
86 -19.650081 114
87 -15.613866 113
88 -6.191702 114
89 -26.319251 113
90 -20.496741 113
91 -15.040874 113
92 -30.450928 113
93 -5.403748 114
94 -25.636630 113
95 -22.495584 113
96 -6.474921 114
97 -18.150561 113
98 -8.629739 113
99 2.038043 114
100 -20.953148 113
101 -20.386839 114
102 -11.076622 114
103 -4.359653 114
104 -29.240487 112
105 -18.938138 113
106 -8.228107 114
107 -30.429194 113
108 -3.928921 114
109 -26.897592 113
110 -24.898126 113
111 -8.257172 114
112 -16.799861 114
113 -9.981914 113
114 1.988948 114
115 -23.756502 113
116 -21.021417 114
117 -10.425768 114
118 -2.405667 114
119 -28.038306 113
120 -17.151763 113
121 -5.193228 114
122 -26.223975 114
123 -6.263902 113
124 -23.970212 114
125 -26.965881 113
126 -10.024527 114
127 -19.411127 114
128 -7.311732 114
129 1.971924 114
130 -28.512618 112
131 -21.583098 114
132 -9.680564 114
133 -0.352763 114
134 -30.732796 112
135 -11.158158 114
136 -1.908319 114
137 -29.871508 113
138 -0.438946 114
139 -28.880713 113
140 -28.638090 113
