0 4.000000 57
1 -16.064963 57
2 -22.419645 58
3 -12.803205 57
4 -4.367175 56
5 -31.470559 56
6 5.448186 58
7 3.881183 58
8 1.377601 57
9 -1.512004 55
10 -1.151600 57
11 -14.065064 58
12 -16.715013 57
13 -18.357533 56
14 -18.978286 57
15 -22.250188 58
16 -27.919238 56
17 -27.986343 57
18 -15.554717 56
19 -18.187676 56
20 -8.845540 56
21 3.174663 58
22 0.319970 58
23 -0.722288 57
24 -1.868521 56
25 -5.152944 57
26 -15.612852 58
27 -16.865035 57
28 -17.850821 56
29 -20.964880 57
30 -21.543518 58
31 -26.486585 56
32 -28.910938 57
33 -15.320378 56
34 -18.672510 57
35 -12.566828 56
36 1.000435 58
37 -3.040438 58
38 -2.651645 57
39 -2.872776 56
40 -8.850964 57
41 -17.012093 58
42 -16.849815 57
43 -16.969327 56
44 -24.733403 56
45 -24.666467 57
46 -25.667415 55
47 -31.694462 56
48 -14.850781 56
49 -22.874872 56
50 -16.056417 56
51 -1.033576 58
52 -6.141779 58
53 -4.364704 57
54 -3.511459 56
55 -12.208917 57
56 -18.179449 58
57 -16.645106 57
58 -15.693773 56
59 -26.193657 56
60 -19.599256 58
61 -22.472301 56
62 -32.237527 56
63 -14.023699 56
64 -22.737223 57
65 -19.218019 56
66 -2.962209 58
67 -9.030462 58
68 -5.900841 57
69 -3.853397 56
70 -15.296603 57
71 -19.142948 58
72 -12.291140 58
73 -14.142073 56
74 -27.383597 56
75 -22.352378 57
76 -19.996515 56
77 -32.547669 56
78 -12.900450 56
79 -26.331806 56
80 -20.082182 57
81 -4.838791 58
82 -11.811158 58
83 -7.358027 57
84 -4.063521 56
85 -20.253873 56
86 -19.990640 58
87 -15.845780 57
88 -13.440421 55
89 -26.425708 57
90 -20.950942 57
91 -17.354248 56
92 -30.702211 57
93 -11.618350 56
94 -25.763011 57
95 -24.717639 56
96 -6.671508 58
97 -14.525518 58
98 -8.762060 57
99 -4.197826 56
100 -23.133066 56
101 -20.735210 58
102 -17.299529 56
103 -10.613279 56
104 -29.351415 56
105 -19.336033 57
106 -14.519910 56
107 -32.687402 56
108 -10.176924 56
109 -29.019564 56
110 -27.068443 56
111 -8.457373 58
112 -17.177633 58
113 -10.108387 57
114 -4.261507 56
115 -23.941421 57
116 -21.373710 58
117 -16.637862 56
118 -8.654443 56
119 -28.162732 57
120 -17.492325 57
121 -11.455958 56
122 -33.483018 55
123 -6.546167 57
124 -28.084968 57
125 -29.116113 56
126 -10.233090 58
127 -19.792197 58
128 -11.432431 57
129 -4.295180 56
130 -28.703811 56
131 -21.943374 58
132 -13.871543 57
133 -7.607971 55
134 -28.885228 57
135 -17.446116 56
136 -8.156264 56
137 -32.125532 56
138 -4.745112 57
139 -28.997794 57
140 -30.825640 56
