0 4.000000 85
1 -15.928229 85
2 -22.199829 86
3 -15.671365 83
4 1.820739 86
5 -25.403433 86
6 1.529993 85
7 0.015120 85
8 1.438013 85
9 1.457397 85
10 2.917990 86
11 -17.868520 85
12 -18.563307 84
13 -16.350798 85
14 -18.896762 85
15 -25.963881 85
16 -25.784477 85
17 -23.840797 86
18 -15.537123 84
19 -16.038388 85
20 -6.689731 85
21 -0.718202 85
22 -3.502112 85
23 -3.620841 83
24 0.128079 85
25 -5.052423 85
26 -19.411057 85
27 -18.705202 84
28 -15.802723 85
29 -20.895679 85
30 -21.213179 86
31 -20.339320 86
32 -24.781698 86
33 -13.292087 85
34 -18.517116 85
35 -10.407427 85
36 -2.877957 85
37 -6.832846 85
38 -4.517525 84
39 -0.807152 85
40 -4.762270 86
41 -20.814632 85
42 -18.677295 84
43 -14.864047 85
44 -22.682742 85
45 -20.314248 86
46 -22.493756 85
47 -25.574849 86
48 -12.763263 85
49 -20.720883 85
50 -13.876310 85
51 -4.907836 85
52 -9.922486 85
53 -6.209026 84
54 -1.390002 85
55 -8.129167 86
56 -21.983015 85
57 -18.466701 84
58 -9.560920 86
59 -24.164397 85
60 -23.241228 85
61 -16.281635 86
62 -26.122284 86
63 -11.884219 85
64 -18.589369 86
65 -13.028297 86
66 -6.836127 85
67 -12.807827 85
68 -7.741385 84
69 -1.707337 85
70 -15.221628 85
71 -22.946794 85
72 -18.113996 84
73 -7.996462 86
74 -25.369386 85
75 -22.005692 85
76 -17.807651 85
77 -26.433162 86
78 -10.731764 85
79 -20.188532 86
80 -19.902172 85
81 -8.712478 85
82 -15.587270 85
83 -9.201269 84
84 -1.905368 85
85 -14.180223 86
86 -23.795219 85
87 -17.670347 84
88 -6.286734 86
89 -26.421291 85
90 -20.628646 85
91 -11.172236 86
92 -26.588498 86
93 -9.427606 85
94 -21.624985 86
95 -22.562291 85
96 -10.544704 85
97 -14.301753 86
98 -10.609705 84
99 -2.031063 85
100 -17.060678 86
101 -24.538348 85
102 -17.124795 84
103 -8.454832 85
104 -27.352153 85
105 -19.047596 85
106 -12.349425 85
107 -26.575766 86
108 -9.964104 84
109 -22.891841 86
110 -24.951309 85
111 -12.328799 85
112 -20.955997 85
113 -12.962721 83
114 1.910681 86
115 -19.871118 86
116 -25.174956 85
117 -16.461055 84
118 -6.498952 85
119 -28.161452 85
120 -19.233525 84
121 -9.304860 85
122 -26.373283 86
123 -6.314263 85
124 -23.972678 86
125 -27.017340 85
126 -14.100915 85
127 -23.572402 85
128 -13.294551 84
129 -2.116712 85
130 -22.635356 86
131 -25.740409 85
132 -15.695715 84
133 -0.451273 86
134 -28.869917 85
135 -15.204701 85
136 -2.013123 86
137 -26.016045 86
138 -4.507986 85
139 -24.910763 86
140 -24.722145 86
