0 8.000000 78
1 -3.968538 79
2 -14.248344 79
3 -0.687243 79
4 1.855770 78
5 -25.399690 78
6 13.487946 79
7 3.943100 78
8 13.435254 79
9 5.496959 78
10 2.916914 78
11 -5.902296 79
12 -4.613141 79
13 -12.334846 78
14 -14.905799 78
15 -14.041912 79
16 -27.805866 76
17 -23.871696 78
18 -9.495420 78
19 -12.094712 78
20 -6.635021 77
21 11.234345 79
22 0.415010 78
23 11.374412 79
24 0.184906 77
25 -1.057675 78
26 -15.439951 78
27 -4.749620 79
28 -15.757473 77
29 -16.888548 78
30 -21.297399 78
31 -26.353536 76
32 -24.808666 78
33 -9.222803 78
34 -14.562662 78
35 -10.333212 77
36 9.076133 79
37 -2.907916 78
38 9.475669 79
39 -0.748696 77
40 -4.766956 78
41 -8.840661 79
42 -12.722146 78
43 -14.813378 77
44 -18.663867 78
45 -20.395613 78
46 -24.503814 76
47 -25.595411 78
48 -8.687590 78
49 -8.753413 79
50 -15.793617 76
51 7.050909 79
52 -5.986330 78
53 7.779930 79
54 -1.333855 77
55 -8.127779 78
56 -18.008091 78
57 -12.512269 78
58 -9.513512 78
59 -20.131641 78
60 -19.316290 78
61 -20.286770 77
62 -26.136983 78
63 -7.804655 78
64 -10.618678 79
65 -18.943263 76
66 5.125455 79
67 -8.864160 78
68 6.245457 79
69 2.346538 78
70 -3.216835 79
71 -10.972615 79
72 -4.160093 79
73 -11.950894 77
74 -21.331019 78
75 -18.073850 78
76 -19.809199 76
77 -26.447365 78
78 -6.650644 78
79 -12.218962 79
80 -21.815479 76
81 3.249909 79
82 -3.639235 79
83 4.784425 79
84 2.146311 78
85 -14.174287 78
86 -19.822800 78
87 -3.717062 79
88 -10.243445 77
89 -22.382542 78
90 -8.690197 79
91 -15.169621 77
92 -26.604830 78
93 -5.347172 78
94 -21.656647 78
95 -24.475058 76
96 1.417428 79
97 -14.350881 78
98 3.375259 79
99 2.018352 78
100 -17.054511 78
101 -12.568845 79
102 -3.170531 79
103 -4.414842 78
104 -23.316406 78
105 -7.101845 79
106 -12.340460 77
107 -26.597022 78
108 -3.886162 78
109 -22.923486 78
110 -27.866356 75
111 -0.367108 79
112 -17.003290 78
113 2.021883 79
114 1.957468 78
115 -19.865427 78
116 -13.208320 79
117 -2.501449 79
118 -6.460774 77
119 -24.131513 78
120 -5.279529 79
121 -9.284333 77
122 -26.399670 78
123 -2.241360 78
124 -16.003343 79
125 -29.941557 75
126 -2.140053 79
127 -19.619453 78
128 0.689957 79
129 -2.074897 77
130 -22.630512 78
131 -21.777060 78
132 -1.726881 79
133 -4.415005 77
134 -24.847763 78
135 -3.240570 79
136 -5.979670 77
137 -26.037677 78
138 -0.447777 78
139 -24.937047 78
140 -31.662245 75
