0 2.000000 64
1 -18.957227 63
2 -28.258891 64
3 -14.697804 64
4 -5.217299 63
5 -31.415414 64
6 -0.507113 64
7 -2.049955 64
8 -0.559175 64
9 -1.503715 63
10 -3.115602 64
11 -19.907602 64
12 -18.595219 64
13 -19.291637 63
14 -20.907512 64
15 -28.041561 64
16 -27.775727 64
17 -29.889275 64
18 -15.444535 64
19 -18.077357 64
20 -9.663634 63
21 -2.756036 64
22 -6.578161 63
23 -2.631035 64
24 -2.818992 63
25 -7.088901 64
26 -22.441953 63
27 -18.740239 64
28 -18.737330 63
29 -23.903107 63
30 -28.324688 63
31 -26.331183 64
32 -28.856963 65
33 -15.186680 64
34 -18.560723 65
35 -12.369798 64
36 -4.912889 64
37 -8.908448 64
38 -4.539724 64
39 -3.778892 63
40 -10.783358 64
41 -22.842852 64
42 -18.720395 64
43 -16.819406 64
44 -25.680995 63
45 -26.444890 64
46 -22.504829 65
47 -31.659014 64
48 -14.683145 64
49 -20.769004 65
50 -15.853454 64
51 -6.938217 64
52 -12.991815 63
53 -6.240455 64
54 -4.388167 63
55 -14.142462 64
56 -25.017808 63
57 -18.517549 64
58 -15.535377 64
59 -27.152081 63
60 -25.377189 64
61 -22.300248 64
62 -30.211255 65
63 -13.830004 64
64 -24.641588 64
65 -19.012550 64
66 -8.862908 64
67 -12.872685 65
68 -7.774617 64
69 -4.719089 63
70 -17.232329 64
71 -25.985567 63
72 -18.167846 64
73 -13.980169 64
74 -28.350057 63
75 -24.135229 64
76 -17.822662 65
77 -30.527650 65
78 -12.697499 64
79 -26.245876 64
80 -21.878036 64
81 -10.737514 64
82 -17.649512 64
83 -9.233566 64
84 -3.923991 64
85 -20.191393 64
86 -26.834833 63
87 -17.725915 64
88 -13.276150 63
89 -28.396319 64
90 -22.745384 64
91 -17.179032 64
92 -30.686467 65
93 -12.410823 63
94 -25.683958 65
95 -25.515971 63
96 -12.569574 64
97 -21.362042 63
98 -10.640875 64
99 -5.054279 63
100 -21.072366 65
101 -27.579285 63
102 -17.180820 64
103 -10.448631 64
104 -30.323088 63
105 -21.147263 64
106 -14.342524 64
107 -30.674027 65
108 -10.962943 63
109 -28.944702 64
110 -27.873114 63
111 -15.354705 63
112 -23.014389 64
113 -11.992621 64
114 -5.115055 63
115 -25.883252 64
116 -27.217776 64
117 -16.515606 64
118 -9.492217 63
119 -31.134069 63
120 -19.317352 64
121 -11.278038 64
122 -30.465845 65
123 -9.326406 63
124 -28.013124 65
125 -28.929532 64
126 -17.128499 63
127 -25.630195 64
128 -13.322622 64
129 -5.146678 63
130 -26.647916 65
131 -28.787124 63
132 -13.744692 65
133 -7.450079 63
134 -31.852409 63
135 -17.285535 64
136 -7.990815 64
137 -30.092764 65
138 -7.535964 63
139 -30.940656 64
140 -30.664296 64
