0 2.000000 106
1 -15.853700 107
2 -28.015073 106
3 -14.673480 106
4 -2.127516 107
5 -25.260558 108
6 -0.445179 106
7 -1.931785 106
8 -0.605379 106
9 1.425507 107
10 -0.990943 107
11 -19.809469 106
12 -18.526728 106
13 -16.340330 107
14 -18.786846 107
15 -27.816815 106
16 -28.659961 105
17 -29.642846 106
18 -15.566479 106
19 -18.054181 106
20 -6.637322 107
21 -0.681361 107
22 -5.421157 106
23 -2.653448 106
24 -1.887802 106
25 -6.954390 106
26 -22.341571 105
27 -18.660322 106
28 -15.801253 107
29 -20.800074 107
30 -27.075940 106
31 -26.234244 106
32 -30.621267 106
33 -15.328255 106
34 -20.522299 106
35 -12.382875 106
36 -4.831516 106
37 -8.729671 106
38 -4.540558 106
39 -0.826747 107
40 -8.663505 107
41 -22.712486 106
42 -18.629211 106
43 -14.857104 107
44 -22.589462 107
45 -26.178357 106
46 -24.393924 106
47 -31.426466 106
48 -14.799400 106
49 -22.718423 106
50 -15.863523 106
51 -6.853445 106
52 -11.794354 106
53 -6.225883 106
54 -3.396614 106
55 -12.020908 107
56 -23.851697 106
57 -18.417016 106
58 -13.545051 107
59 -24.068206 107
60 -26.100046 105
61 -22.186655 106
62 -29.972709 107
63 -11.913926 107
64 -22.587591 107
65 -20.018289 105
66 -8.776315 106
67 -14.662145 106
68 -7.757089 106
69 -3.702917 106
70 -15.108496 107
71 -24.796957 106
72 -18.063992 106
73 -11.968224 107
74 -25.267468 107
75 -23.864252 106
76 -17.718312 107
77 -30.277742 107
78 -10.757426 107
79 -26.183174 106
80 -21.889969 106
81 -8.648763 107
82 -17.429938 106
83 -10.216246 105
84 -1.892553 107
85 -18.063439 107
86 -25.632982 106
87 -17.622181 106
88 -10.249806 107
89 -26.312249 107
90 -22.496245 106
91 -17.089356 106
92 -30.426779 107
93 -11.448083 106
94 -25.611373 107
95 -24.548287 106
96 -12.478516 106
97 -20.135827 106
98 -10.623204 106
99 -4.009958 106
100 -16.939619 108
101 -26.369265 106
102 -17.082128 106
103 -8.414473 107
104 -23.234891 108
105 -20.933543 106
106 -14.273876 106
107 -30.410982 107
108 -7.976679 107
109 -28.869262 106
110 -27.936587 105
111 -12.261432 107
112 -22.783671 106
113 -11.973652 106
114 -2.059044 107
115 -19.745231 108
116 -27.003433 106
117 -16.428798 106
118 -8.455990 106
119 -24.034179 108
120 -19.142410 106
121 -11.232939 106
122 -26.212084 108
123 -6.314748 107
124 -29.940614 106
125 -26.988330 107
126 -16.031372 106
127 -25.393993 106
128 -13.301384 106
129 -4.076020 106
130 -22.502861 108
131 -27.566185 106
132 -15.679656 106
133 -6.401153 106
134 -24.729582 108
135 -15.149514 107
136 -7.942289 106
137 -29.863062 107
138 -6.492265 106
139 -28.857213 107
140 -28.657198 107
