0 8.000000 122
1 -11.838154 122
2 -28.041703 120
3 -12.620657 121
4 -4.036824 120
5 -29.296708 121
6 5.570301 122
7 4.069955 122
8 1.434116 121
9 5.462124 122
10 2.993463 122
11 -13.813024 122
12 -16.494228 121
13 -18.300976 120
14 -14.827542 122
15 -25.806705 121
16 -28.651231 119
17 -29.712812 120
18 -15.514040 120
19 -16.001726 121
20 -8.547831 120
21 3.334650 122
22 0.578314 122
23 -2.615769 120
24 0.179636 121
25 -4.991266 121
26 -19.351036 121
27 -19.615718 119
28 -17.718525 120
29 -16.845096 122
30 -27.051890 120
31 -27.176369 119
32 -30.704768 120
33 -16.254570 119
34 -20.482041 120
35 -10.317601 121
36 1.185762 122
37 -6.735035 121
38 -4.496935 120
39 -2.745028 120
40 -8.705778 121
41 -20.728211 121
42 -18.568375 120
43 -14.748074 121
44 -18.630217 122
45 -26.142990 120
46 -25.315690 119
47 -31.517638 120
48 -15.698949 119
49 -22.689925 120
50 -15.808431 120
51 -0.835994 122
52 -9.805648 121
53 -6.175708 120
54 -1.304388 121
55 -12.065203 121
56 -21.874024 121
57 -19.348730 119
58 -13.423209 121
59 -24.108323 121
60 -26.057518 119
61 -22.103569 120
62 -32.064323 120
63 -14.800581 119
64 -22.574645 121
65 -18.967234 120
66 -2.759872 122
67 -12.679102 121
68 -7.703870 120
69 -3.607673 120
70 -15.152701 121
71 -22.823591 121
72 -17.995210 120
73 -13.842942 120
74 -25.307623 121
75 -23.817884 120
76 -19.634731 120
77 -32.366160 120
78 -12.640329 120
79 -26.182524 120
80 -19.842003 121
81 -4.633729 122
82 -17.451747 120
83 -9.161468 120
84 -3.797007 120
85 -14.107210 122
86 -25.662772 120
87 -17.555469 120
88 -12.127272 120
89 -26.352182 121
90 -20.446787 121
91 -17.004302 120
92 -30.508801 121
93 -11.329139 120
94 -25.619561 121
95 -22.506147 121
96 -6.464726 122
97 -20.161025 120
98 -10.567994 120
99 -3.915059 120
100 -16.981984 122
101 -24.402579 121
102 -17.017700 120
103 -10.298213 120
104 -27.274388 121
105 -20.881130 120
106 -14.185830 120
107 -32.483295 120
108 -9.856258 120
109 -28.885875 120
110 -24.905806 121
111 -8.248097 122
112 -22.810590 120
113 -9.918845 121
114 -3.965785 120
115 -23.785284 121
116 -25.039554 121
117 -16.363367 120
118 -8.347766 120
119 -28.072229 121
120 -19.086254 120
121 -11.148388 120
122 -32.273928 120
123 -8.193978 120
124 -27.965653 121
125 -26.965277 121
126 -10.017225 122
127 -25.421239 120
128 -11.247415 121
129 -3.984518 120
130 -22.541354 122
131 -27.601068 120
132 -15.612026 120
133 -6.299701 120
134 -28.766351 121
135 -17.088948 120
136 -7.864305 120
137 -29.917751 121
138 -6.375283 120
139 -28.883899 121
140 -28.643612 121
