0 16.000000 16
1 -15.730365 14
2 -22.112486 15
3 -12.300266 14
4 -3.196461 14
5 -26.058018 15
6 5.672463 15
7 11.876462 16
8 5.767762 15
9 4.778711 15
10 2.893265 15
11 -17.527667 14
12 -16.059573 14
13 -16.703755 14
14 -18.846824 14
15 -21.706376 15
16 -13.965937 16
17 -15.760380 16
18 -15.413634 13
19 -17.679247 13
20 -7.678428 14
21 -0.530658 14
22 8.384338 16
23 3.833550 15
24 -0.521696 14
25 -1.118261 15
26 -19.131755 14
27 -16.126869 14
28 -16.342884 14
29 -21.005784 14
30 -26.887637 13
31 -24.563659 14
32 -24.738968 15
33 -15.370469 13
34 -20.388201 13
35 -11.427923 14
36 -2.662559 14
37 -2.894393 15
38 1.997498 15
39 -1.584727 14
40 -4.998660 15
41 -20.634630 14
42 -16.069085 14
43 -15.538924 14
44 -18.915398 15
45 -26.949438 12
46 -24.757371 13
47 -25.624907 15
48 -13.098933 14
49 -22.704447 13
50 -14.895742 14
51 -4.675683 14
52 2.044735 16
53 -3.693924 14
54 -2.279571 14
55 -8.463728 15
56 -21.849922 14
57 -17.870022 13
58 -14.346153 14
59 -20.461202 15
60 -24.872578 13
61 -22.634491 13
62 -26.270145 15
63 -14.384689 13
64 -24.654163 13
65 -18.065075 14
66 -2.598980 15
67 -8.805480 15
68 -5.246133 14
69 -2.654153 14
70 -11.609297 15
71 -22.808097 14
72 -15.538031 14
73 -12.859038 14
74 -21.707125 15
75 -23.649533 13
76 -21.191369 12
77 -26.654168 15
78 -13.306380 13
79 -26.299133 13
80 -22.961736 13
81 -8.476829 14
82 -11.549724 15
83 -6.732798 14
84 -2.885698 14
85 -14.619318 15
86 -23.644398 14
87 -15.113785 14
88 -11.190650 14
89 -22.787298 15
90 -22.273363 13
91 -18.578435 12
92 -26.873100 15
93 -12.059702 13
94 -25.764461 14
95 -25.630967 13
96 -10.316485 14
97 -14.238524 15
98 -4.170858 15
99 -3.034014 14
100 -9.556554 16
101 -24.383729 14
102 -14.588772 14
103 -9.357070 14
104 -23.741612 15
105 -20.644435 13
106 -14.800251 13
107 -26.899121 15
108 -10.668067 13
109 -27.075731 14
110 -26.007038 14
111 -12.111408 14
112 -16.877129 15
113 -9.551627 14
114 -3.106339 14
115 -20.429352 15
116 -25.010200 14
117 -13.941615 14
118 -7.358598 14
119 -24.585438 15
120 -18.693191 13
121 -11.806668 13
122 -26.694009 15
123 -7.109701 14
124 -24.218076 15
125 -28.068782 14
126 -9.895117 15
127 -19.485716 15
128 -10.905905 14
129 -3.140424 14
130 -23.249701 15
131 -25.577039 14
132 -13.197281 14
133 -5.277930 14
134 -25.345515 15
135 -14.613109 14
136 -6.621632 14
137 -26.376871 15
138 -5.367388 14
139 -25.207577 15
140 -29.835445 14
