0 8.000000 100
1 -11.839343 100
2 -22.005883 100
3 -8.683027 100
4 1.875436 100
5 -29.238938 99
6 5.576728 100
7 12.077900 101
8 1.403685 99
9 1.453489 99
10 -0.994003 99
11 -13.789759 100
12 -16.521568 99
13 -12.320659 100
14 -18.790144 99
15 -25.786793 99
16 -25.644861 99
17 -27.631669 99
18 -13.567076 99
19 -16.031745 99
20 -6.642963 99
21 3.337657 100
22 0.583130 100
23 -0.654943 99
24 0.141973 99
25 -4.949950 99
26 -15.322635 100
27 -16.660542 99
28 -11.796002 100
29 -20.789549 99
30 -25.040164 99
31 -24.199214 99
32 -28.601394 99
33 -13.335819 99
34 -20.488676 98
35 -10.374729 99
36 1.185650 100
37 -2.724932 100
38 -2.548406 99
39 -0.796518 99
40 -8.650054 99
41 -16.699045 100
42 -16.633272 99
43 -14.858702 99
44 -22.569360 99
45 -24.143040 99
46 -22.357660 99
47 -29.404316 99
48 -12.813967 99
49 -22.670932 98
50 -13.852699 99
51 7.162712 101
52 -5.794151 100
53 -4.234093 99
54 2.627482 100
55 -12.005794 99
56 -17.841997 100
57 -16.423582 99
58 -9.548400 100
59 -24.042366 99
60 -23.069242 99
61 -20.150879 99
62 -29.951766 99
63 -7.934004 100
64 -25.528892 97
65 -17.009490 99
66 5.239385 101
67 -8.664306 100
68 -1.763811 100
69 -1.683418 99
70 -15.092544 99
71 -18.788913 100
72 -16.072208 99
73 -11.975742 99
74 -25.238377 99
75 -21.838344 99
76 -17.684487 99
77 -30.256407 99
78 -6.781543 100
79 -26.117802 98
80 -19.881238 99
81 -4.633268 100
82 -11.431643 100
83 -3.222182 100
84 -1.876939 99
85 -18.046317 99
86 -19.625105 100
87 -15.631646 99
88 -10.261121 99
89 -26.281649 99
90 -20.474881 99
91 -15.058158 99
92 -30.404499 99
93 -5.474285 100
94 -27.542295 98
95 -22.535368 99
96 -6.463017 100
97 -14.135492 100
98 -4.629040 100
99 -1.997995 99
100 -20.921605 99
101 -20.360577 100
102 -15.092773 99
103 -8.427793 99
104 -27.204305 99
105 -18.918332 99
106 -8.244618 100
107 -30.389340 99
108 -8.004102 99
109 -28.798462 98
110 -24.915961 99
111 -8.245855 100
112 -16.780346 100
113 -5.980477 100
114 -2.050613 99
115 -23.726603 99
116 -20.993681 100
117 -14.440066 99
118 -6.470213 99
119 -28.005662 99
120 -13.138198 100
121 -9.208548 99
122 -30.192792 99
123 -2.341085 100
124 -29.871502 98
125 -26.961474 99
126 -10.016020 100
127 -19.387584 100
128 -11.309918 99
129 -2.070767 99
130 -26.483183 99
131 -21.556409 100
132 -13.687274 99
133 -4.415978 99
134 -28.705605 99
135 -11.155305 100
136 -5.929719 99
137 -29.844836 99
138 -4.510179 99
139 -30.795493 98
140 -28.628961 99
