0 2.000000 156
1 -17.765983 156
2 -27.901535 156
3 -14.643606 156
4 -3.835737 156
5 -31.266646 156
6 -0.422333 156
7 -2.924977 155
8 -1.585188 155
9 -0.399956 156
10 -3.031239 156
11 -19.724277 156
12 -18.451426 156
13 -18.197935 156
14 -21.813363 155
15 -27.737389 156
16 -28.417976 155
17 -30.655546 155
18 -13.427105 157
19 -18.031343 156
20 -8.463074 156
21 -3.648264 155
22 -5.391134 156
23 -3.631257 155
24 -2.663529 155
25 -7.029159 156
26 -21.258581 156
27 -16.591044 157
28 -15.594487 157
29 -23.840278 155
30 -27.007739 156
31 -25.949415 156
32 -30.684509 156
33 -9.121719 158
34 -21.509288 155
35 -13.252966 155
36 -4.782273 156
37 -8.675324 156
38 -2.516110 157
39 -2.565080 156
40 -8.743380 157
41 -22.624498 156
42 -18.556802 156
43 -16.612044 156
44 -24.625523 156
45 -26.113739 156
46 -25.091850 155
47 -31.506317 156
48 -8.536691 158
49 -23.724225 155
50 -16.748120 155
51 -6.791419 156
52 -11.725245 156
53 -7.197185 155
54 -3.111603 156
55 -14.094073 156
56 -23.761713 156
57 -16.344122 157
58 -15.279184 156
59 -26.103457 156
60 -25.038789 156
61 -21.882253 156
62 -33.051346 155
63 -11.624546 157
64 -25.613203 155
65 -18.905522 156
66 -8.706843 156
67 -12.584887 157
68 -7.727291 156
69 -3.409142 156
70 -17.171216 156
71 -22.707578 157
72 -15.993526 157
73 -11.691877 157
74 -27.296640 156
75 -23.804786 156
76 -20.418228 155
77 -32.347489 156
78 -6.457705 158
79 -27.222884 155
80 -22.769457 155
81 -10.574672 156
82 -15.347277 157
83 -9.185631 156
84 -1.594434 157
85 -20.116255 156
86 -23.544489 157
87 -17.555176 156
88 -11.971592 156
89 -28.333996 156
90 -22.437528 156
91 -17.791332 155
92 -32.483765 156
93 -9.140808 157
94 -28.661632 155
95 -24.419573 156
96 -12.401134 156
97 -20.047597 156
98 -11.592243 155
99 -3.710782 156
100 -22.982102 156
101 -26.282909 156
102 -15.018673 157
103 -8.139553 157
104 -29.250670 156
105 -21.878734 155
106 -13.973074 156
107 -32.455560 156
108 -7.659311 157
109 -29.929502 155
110 -26.810309 156
111 -14.181702 156
112 -22.689006 156
113 -12.943271 155
114 -3.761702 156
115 -25.776284 156
116 -24.917924 157
117 -16.366591 156
118 -6.185095 157
119 -30.045354 156
120 -20.093726 155
121 -10.928392 156
122 -32.247880 156
123 -5.984235 157
124 -31.010015 155
125 -26.877073 157
126 -15.948661 156
127 -23.291237 157
128 -14.271786 155
129 -3.782089 156
130 -28.522267 156
131 -25.474403 157
132 -13.618091 157
133 -4.127599 157
134 -30.737925 156
135 -17.101526 156
136 -5.643211 157
137 -31.890650 156
138 -4.153815 157
139 -31.916401 155
140 -30.592553 156
