0 8.000000 142
1 -11.767774 142
2 -21.911694 142
3 -8.655745 142
4 2.074025 142
5 -25.248138 142
6 5.594307 142
7 4.085505 142
8 5.427073 142
9 13.523650 143
10 2.996000 142
11 -13.741954 142
12 -12.456503 142
13 -12.246689 142
14 -18.778224 141
15 -21.726187 142
16 -13.478916 143
17 -27.626200 141
18 -9.520270 142
19 -12.021417 142
20 -6.496526 141
21 3.371431 142
22 0.610762 142
23 11.371339 143
24 4.247456 142
25 -4.995328 141
26 -15.269924 142
27 -12.596370 142
28 -11.646895 142
29 -20.797845 141
30 -12.992505 143
31 -20.027695 142
32 -28.637251 141
33 -9.228449 142
34 -21.491593 139
35 -12.272649 140
36 1.232855 142
37 -2.681447 142
38 1.479242 142
39 11.340332 143
40 -8.708462 141
41 -16.635418 142
42 -12.562013 142
43 -10.671043 142
44 -22.587050 141
45 -20.099135 142
46 -18.184603 142
47 -29.456058 141
48 -0.655317 143
49 -22.698072 140
50 -13.764322 141
51 7.219331 143
52 -5.735195 142
53 -0.204118 142
54 2.793177 142
55 -12.058329 141
56 -9.771586 143
57 -12.351832 142
58 -9.345447 142
59 -20.070215 142
60 -19.025644 142
61 -7.985849 143
62 -30.003053 141
63 -7.745786 142
64 -25.581987 139
65 -16.919733 141
66 -2.699194 142
67 -8.597180 142
68 -1.735114 142
69 2.497001 142
70 -15.137233 141
71 -10.715169 143
72 -12.004094 142
73 -7.763367 142
74 -21.267138 142
75 -9.793080 143
76 -5.525186 143
77 -26.303965 142
78 -6.576847 142
79 -26.189543 140
80 -19.782994 141
81 3.430520 143
82 -11.360701 142
83 4.805540 143
84 2.312579 142
85 -14.085112 142
86 -19.550151 142
87 -11.568368 142
88 -6.046727 142
89 -22.307247 142
90 -16.426577 142
91 -2.898959 143
92 -26.444962 142
93 -5.258264 142
94 -27.626468 140
95 -22.435116 141
96 -6.397936 142
97 -14.061214 142
98 -4.601847 142
99 10.196837 143
100 -16.953845 142
101 -20.287353 142
102 -11.033525 142
103 -4.217356 142
104 -23.225621 142
105 -14.867303 142
106 -0.082017 143
107 -30.419770 141
108 -3.774702 142
109 -28.891596 140
110 -24.830137 141
111 -8.179883 142
112 -16.701850 142
113 2.046448 143
114 10.146361 143
115 -19.751042 142
116 -20.921717 142
117 -10.381999 142
118 -2.265447 142
119 -24.021532 142
120 -13.084339 142
121 2.962864 143
122 -30.217855 141
123 5.904845 143
124 -30.969553 139
125 -26.903181 141
126 -9.948362 142
127 -19.302741 142
128 -7.282983 142
129 2.126844 142
130 -22.500375 142
131 -21.478289 142
132 -9.633667 142
133 -0.211039 142
134 -24.715720 142
135 -11.104158 142
136 -1.743208 142
137 -29.871744 141
138 -0.260199 142
139 -30.876248 140
140 -28.611076 141
