0 16.000000 172
1 -11.742363 171
2 -25.856952 170
3 -12.655961 170
4 -1.696207 170
5 -25.208730 171
6 13.590814 172
7 4.088608 171
8 5.399090 171
9 1.669909 170
10 2.986188 171
11 -13.697425 171
12 -12.441169 171
13 -18.129492 169
14 -14.775424 171
15 -25.698077 170
16 -25.360002 170
17 -27.610499 170
18 -13.384135 170
19 -16.009575 170
20 -8.273932 169
21 11.372755 172
22 -3.376812 170
23 3.348695 171
24 -1.570865 169
25 -0.988654 171
26 -15.225884 171
27 -12.583198 171
28 -17.501180 169
29 -16.787362 171
30 -24.978457 170
31 -23.869990 170
32 -28.649362 170
33 -13.046364 170
34 -18.475643 170
35 -12.050011 169
36 1.243390 171
37 -6.657245 170
38 -2.536585 170
39 -0.456946 170
40 -4.685729 171
41 -20.583468 170
42 -12.549549 171
43 -14.503009 170
44 -18.561501 171
45 -24.089434 170
46 -21.994713 170
47 -29.471620 170
48 -14.434204 169
49 -16.675703 171
50 -15.551522 169
51 7.235649 172
52 -9.701013 170
53 -0.216796 171
54 -2.993046 169
55 -8.034661 171
56 -21.713858 170
57 -12.336894 171
58 -13.162283 170
59 -20.030193 171
60 -25.013997 169
61 -19.774910 170
62 -26.010417 171
63 -13.502995 169
64 -18.556878 171
65 -18.717944 169
66 -2.679841 171
67 -12.555462 170
68 -5.745651 170
69 -1.283821 170
70 -11.114193 171
71 -22.656731 170
72 -15.986493 170
73 -13.569946 169
74 -21.220405 171
75 -23.778505 169
76 -17.305913 170
77 -30.300903 170
78 -12.326558 169
79 -20.164921 171
80 -21.592376 169
81 -4.548250 171
82 -15.314005 170
83 -7.202633 170
84 -3.464077 169
85 -14.061370 171
86 -23.493008 170
87 -11.548449 171
88 -11.844987 169
89 -22.257678 171
90 -22.410526 169
91 -14.674044 170
92 -30.432177 170
93 -11.004268 169
94 -21.604072 171
95 -24.255676 169
96 -6.375677 171
97 -18.010960 170
98 -4.607959 171
99 -1.576433 170
100 -16.928234 171
101 -24.232010 170
102 -11.013006 171
103 -8.009131 170
104 -23.175665 171
105 -21.853561 168
106 -11.847411 170
107 -26.400741 171
108 -9.519499 169
109 -22.873125 171
110 -26.664161 169
111 -8.156872 171
112 -20.649321 170
113 -5.957888 171
114 -1.624528 170
115 -19.722207 171
116 -24.867599 170
117 -10.361965 171
118 -8.052308 169
119 -23.972851 171
120 -19.076294 169
121 -8.788043 170
122 -26.194206 171
123 -7.843570 169
124 -23.953394 171
125 -26.752212 170
126 -9.924308 171
127 -23.248894 170
128 -11.285299 170
129 -3.643399 169
130 -22.466737 171
131 -25.424347 170
132 -9.617380 171
133 -3.993212 170
134 -24.669610 171
135 -15.099837 170
136 -7.487665 169
137 -25.840289 171
138 -6.013791 169
139 -24.860047 171
140 -30.489730 169
