0 4.000000 127
1 -11.818733 128
2 -22.029376 128
3 -12.638994 127
4 1.941628 128
5 -25.319467 128
6 5.585099 128
7 4.063710 128
8 1.425011 127
9 1.447289 127
10 2.959796 128
11 -13.810509 128
12 -16.492597 127
13 -12.305347 128
14 -14.828685 128
15 -21.798475 128
16 -25.630237 127
17 -23.706067 128
18 -13.564667 127
19 -16.037594 127
20 -2.565515 128
21 3.352274 128
22 0.572000 128
23 -0.625611 127
24 0.162557 127
25 -1.036004 128
26 -15.347445 128
27 -16.620735 127
28 -11.732245 128
29 -16.865643 128
30 -21.054203 128
31 -24.158887 127
32 -24.703313 128
33 -9.313005 128
34 -21.519950 125
35 -6.326125 128
36 1.205636 128
37 -2.736259 128
38 -2.511803 127
39 3.240631 128
40 -4.744411 128
41 -16.725458 128
42 -16.579121 127
43 -10.769935 128
44 -18.659573 128
45 -20.150527 128
46 -22.311423 127
47 -25.520724 128
48 -8.756494 128
49 -23.722055 125
50 -9.812089 128
51 -0.814459 128
52 -5.802457 128
53 -4.193085 127
54 2.679713 128
55 -8.098531 128
56 -17.870652 128
57 -16.363949 127
58 -9.451640 128
59 -20.141080 128
60 -23.067991 127
61 -20.111294 127
62 -26.070778 128
63 -7.854867 128
64 -24.603345 126
65 -12.967325 128
66 -2.737527 128
67 -8.673182 128
68 -5.722231 127
69 -1.624967 127
70 -11.183525 128
71 -18.818584 128
72 -16.011798 127
73 -7.874256 128
74 -21.339863 128
75 -21.830071 127
76 -13.650515 128
77 -26.374616 128
78 -6.692089 128
79 -24.209600 127
80 -15.836468 128
81 -4.611174 128
82 -11.444299 128
83 -7.180052 127
84 2.185112 128
85 -14.136703 128
86 -19.656357 128
87 -15.572143 127
88 -6.160439 128
89 -22.383000 128
90 -20.460571 127
91 -11.025049 128
92 -26.518100 128
93 -5.378795 128
94 -25.645392 127
95 -18.496278 128
96 -6.442384 128
97 -18.152419 127
98 -8.586454 127
99 2.066126 128
100 -17.010487 128
101 -20.394727 128
102 -15.033978 127
103 -4.332961 128
104 -23.303597 128
105 -18.897998 127
106 -8.209136 128
107 -26.492511 128
108 -3.902977 128
109 -26.911775 127
110 -20.896830 128
111 -8.226261 128
112 -16.800974 128
113 -9.937231 127
114 2.014138 128
115 -19.812724 128
116 -21.029693 128
117 -14.380067 127
118 -2.382441 128
119 -24.100262 128
120 -17.107997 127
121 -5.167388 128
122 -26.285360 128
123 -2.235591 128
124 -23.994455 128
125 -22.968494 128
126 -9.996439 128
127 -23.410543 127
128 -7.265940 128
129 1.994230 128
130 -22.566999 128
131 -21.588887 128
132 -13.629704 127
133 -0.330220 128
134 -24.794048 128
135 -15.112888 127
136 -1.875334 128
137 -25.934204 128
138 -0.408938 128
139 -28.912832 127
140 -24.666794 128
