0 16.000000 136
1 -11.777574 135
2 -21.975915 135
3 -8.661414 135
4 -1.978121 134
5 -25.251444 135
6 13.594060 136
7 12.074446 136
8 13.425361 136
9 1.478117 134
10 10.990681 136
11 -13.770795 135
12 -12.462726 135
13 -16.272096 134
14 -14.778746 135
15 -21.763077 135
16 -25.543496 134
17 -23.660321 135
18 -13.555313 134
19 -4.022449 136
20 -6.517737 134
21 11.370543 136
22 8.590451 136
23 3.371529 135
24 0.202362 134
25 7.008208 136
26 -15.305988 135
27 -12.602857 135
28 -15.694573 134
29 -16.801918 135
30 -21.027148 135
31 -24.089475 134
32 -24.658875 135
33 -13.278265 134
34 -6.489380 136
35 -10.279621 134
36 1.231462 135
37 -2.712531 135
38 1.480948 135
39 -0.708390 134
40 3.303854 136
41 -16.680631 135
42 -12.571943 135
43 -14.727034 134
44 -18.592347 135
45 -20.135400 135
46 -22.244748 134
47 -29.467920 134
48 -12.705454 134
49 -8.687737 136
50 -13.760520 134
51 -0.782905 135
52 -5.774873 135
53 -0.203355 135
54 -3.255774 133
55 -8.045682 135
56 -9.822722 136
57 -12.363310 135
58 -13.400945 134
59 -20.073244 135
60 -19.062960 135
61 -20.044190 134
62 -30.008571 134
63 -11.792826 134
64 -18.567554 135
65 -18.907501 133
66 -2.702460 135
67 -0.641716 136
68 -1.735103 135
69 -1.552287 134
70 -11.126392 135
71 -18.768688 135
72 -12.015449 135
73 -13.818072 133
74 -21.269801 135
75 -17.831173 135
76 -17.581887 134
77 -30.305080 134
78 -10.623554 134
79 -12.172664 136
80 -22.765747 132
81 -4.573853 135
82 -11.408894 135
83 -3.195291 135
84 -1.737648 134
85 -14.076539 135
86 -19.604976 135
87 -11.579565 135
88 -10.100117 134
89 -14.310781 136
90 -16.465732 135
91 -14.954194 134
92 -30.442720 134
93 -9.305050 134
94 -13.606878 136
95 -24.415414 133
96 -6.403420 135
97 -14.112912 135
98 -4.603650 135
99 -1.853987 134
100 -16.947805 135
101 -20.342748 135
102 -3.045244 136
103 -8.269142 134
104 -15.230371 136
105 -14.906574 135
106 -12.136050 134
107 -30.413444 134
108 -7.821727 134
109 -22.870465 135
110 -24.811200 134
111 -8.186206 135
112 -16.757107 135
113 -5.956247 135
114 -1.904845 134
115 -19.747777 135
116 -20.977626 135
117 -10.394844 135
118 -6.315934 134
119 -24.027040 135
120 -13.117245 135
121 -9.090804 134
122 -26.206765 135
123 -6.144202 134
124 -15.949892 136
125 -22.882959 135
126 -9.955863 135
127 -19.362015 135
128 -7.286726 135
129 -1.924813 134
130 -22.500250 135
131 -21.536313 135
132 -9.647170 135
133 -4.261120 134
134 -24.721747 135
135 -11.124047 135
136 -5.795288 134
137 -25.858775 135
138 -4.313047 134
139 -24.862754 135
140 -24.586360 135
