0 8.000000 37
1 -16.068013 36
2 -28.555240 35
3 -14.721419 35
4 -2.726275 36
5 -31.770177 35
6 5.397135 37
7 -0.177979 36
8 1.469051 36
9 -0.666114 35
10 -1.093421 36
11 -18.100605 36
12 -16.799551 36
13 -18.512681 35
14 -21.078375 35
15 -28.400243 35
16 -26.015600 36
17 -30.161492 35
18 -13.717376 36
19 -19.175249 34
20 -7.289378 36
21 -0.858600 36
22 -3.766020 36
23 -2.677669 35
24 -2.123243 35
25 -7.181531 35
26 -19.702673 36
27 -16.980835 36
28 -16.134642 36
29 -23.115011 35
30 -27.689617 35
31 -27.580651 34
32 -32.142466 34
33 -16.529577 34
34 -21.757813 34
35 -11.013653 36
36 -3.040844 36
37 -7.131021 36
38 -2.632285 36
39 -1.179628 36
40 -11.034695 35
41 -21.142726 36
42 -16.980802 36
43 -15.322240 36
44 -24.955485 35
45 -24.809485 36
46 -24.824675 35
47 -32.983115 34
48 -15.128540 35
49 -24.048036 34
50 -14.474630 36
51 -5.074313 36
52 -10.247111 36
53 -4.348103 36
54 -1.851687 36
55 -14.483443 35
56 -24.328099 35
57 -16.787559 36
58 -14.074436 36
59 -26.489771 35
60 -23.746148 36
61 -22.685761 35
62 -32.571220 35
63 -14.334563 35
64 -24.973434 35
65 -17.618725 36
66 -6.996657 36
67 -15.143067 35
68 -5.879746 36
69 -2.212612 36
70 -15.596141 36
71 -23.296362 36
72 -18.433326 35
73 -12.526554 36
74 -27.721204 35
75 -24.498497 35
76 -20.225910 35
77 -33.903754 34
78 -13.243208 35
79 -27.595202 34
80 -22.483513 35
81 -8.866628 36
82 -15.927968 36
83 -7.330033 36
84 -2.429731 36
85 -20.557637 35
86 -24.145652 36
87 -15.977032 36
88 -10.820827 36
89 -28.783348 35
90 -24.085753 34
91 -17.586045 35
92 -33.061139 35
93 -11.989504 35
94 -28.036211 35
95 -23.121746 36
96 -12.693574 35
97 -18.646329 36
98 -8.725062 36
99 -2.568658 36
100 -21.439923 36
101 -24.891813 36
102 -15.412555 36
103 -8.989392 36
104 -27.720419 36
105 -21.436574 35
106 -14.751119 35
107 -33.030063 35
108 -10.560957 35
109 -30.297272 34
110 -25.461771 36
111 -12.473031 36
112 -23.303090 35
113 -10.059648 36
114 -2.635427 36
115 -24.250990 36
116 -25.531742 36
117 -14.720813 36
118 -7.029428 36
119 -30.533519 35
120 -19.540085 35
121 -11.686086 35
122 -32.794090 35
123 -8.923448 35
124 -31.370686 34
125 -27.501721 36
126 -14.242191 36
127 -23.922431 36
128 -11.368702 36
129 -2.665731 36
130 -27.011415 36
131 -26.097642 36
132 -13.912848 36
133 -4.976120 36
134 -31.239948 35
135 -15.450837 36
136 -8.386468 35
137 -32.412687 35
138 -7.109467 35
139 -32.292727 34
140 -29.203480 36
