0 8.000000 150
1 -15.767234 149
2 -25.907127 149
3 -8.610110 150
4 2.090522 150
5 -31.219877 148
6 1.594405 149
7 4.084327 150
8 5.430125 150
9 5.539916 150
10 -3.006015 148
11 -17.732833 149
12 -16.445119 149
13 -12.222959 150
14 -20.773352 148
15 -25.719246 149
16 -25.462706 149
17 -27.630660 149
18 -13.455236 149
19 -17.988344 148
20 -8.491916 148
21 -0.628247 149
22 -3.388568 149
23 3.385768 150
24 4.264127 150
25 -4.993184 149
26 -19.262526 149
27 -16.579745 149
28 -11.630379 150
29 -22.788645 148
30 -24.982613 149
31 -20.017270 150
32 -30.642668 148
33 -9.165598 150
34 -20.465284 148
35 -12.269752 148
36 -2.764811 149
37 -6.677488 149
38 -2.495651 149
39 3.361476 150
40 -10.700563 148
41 -22.627837 148
42 -16.540483 149
43 -10.653802 150
44 -24.571620 148
45 -24.084512 149
46 -22.166031 149
47 -31.455032 148
48 -8.588018 150
49 -22.679648 148
50 -16.757638 147
51 -4.776675 149
52 -5.729518 150
53 -0.172859 150
54 2.816813 150
55 -14.046655 148
56 -23.764290 148
57 -16.325916 149
58 -9.324936 150
59 -26.051275 148
60 -25.007785 148
61 -15.958529 150
62 -29.995809 149
63 -11.677853 149
64 -24.566696 148
65 -19.909668 147
66 -2.694712 150
67 -12.590761 149
68 -5.700206 149
69 2.520121 150
70 -17.122619 148
71 -22.708646 149
72 -15.974700 149
73 -7.741372 150
74 -27.245989 148
75 -23.773785 148
76 -17.494762 149
77 -32.290748 148
78 -10.510582 149
79 -26.173725 148
80 -22.769415 147
81 -4.565092 150
82 -11.354070 150
83 -7.156649 149
84 2.334771 150
85 -20.067750 148
86 -23.544384 149
87 -15.535612 149
88 -6.023942 150
89 -26.283893 149
90 -22.406352 148
91 -14.868073 149
92 -32.426837 148
93 -9.193718 149
94 -27.609073 148
95 -25.415193 147
96 -10.394232 149
97 -18.054747 149
98 -8.561652 149
99 2.217574 150
100 -20.933989 149
101 -24.282556 149
102 -14.997282 149
103 -4.194556 150
104 -29.200619 148
105 -20.845782 148
106 -8.051688 150
107 -30.398862 149
108 -3.713044 150
109 -28.873141 148
110 -27.799799 147
111 -8.177561 150
112 -20.695908 149
113 -5.911238 150
114 2.165520 150
115 -23.728695 149
116 -24.918050 149
117 -14.341793 149
118 -2.243112 150
119 -29.995537 148
120 -19.059494 148
121 -5.008564 150
122 -32.193804 148
123 -6.038097 149
124 -29.950826 148
125 -28.858620 148
126 -9.947298 150
127 -23.297452 149
128 -11.238682 149
129 2.144526 150
130 -26.475208 149
131 -25.475217 149
132 -13.589207 149
133 -0.189953 150
134 -30.689831 148
135 -17.068504 148
136 -1.719712 150
137 -29.842589 149
138 -0.209431 150
139 -30.858006 148
140 -30.564521 148
