0 2.000000 163
1 -17.761214 163
2 -25.883421 164
3 -12.641295 164
4 -4.733076 162
5 -29.215137 164
6 -0.421348 163
7 -1.921276 163
8 -0.584857 163
9 -1.347982 162
10 -4.015723 162
11 -17.719629 164
12 -18.442071 163
13 -19.147123 162
14 -20.795556 163
15 -25.726898 164
16 -27.383667 163
17 -23.636217 165
18 -16.387596 162
19 -18.000025 163
20 -8.323168 163
21 -2.645459 163
22 -5.387418 163
23 -2.634474 163
24 -2.586577 162
25 -6.992726 163
26 -21.254399 163
27 -18.582476 163
28 -17.520401 163
29 -22.803523 163
30 -25.006737 164
31 -25.894490 163
32 -30.665062 163
33 -15.060831 163
34 -20.466202 163
35 -13.099334 162
36 -4.778267 163
37 -6.668519 164
38 -2.519327 164
39 -3.477210 162
40 -8.694895 164
41 -22.618662 163
42 -16.549307 164
43 -16.526175 163
44 -24.574261 163
45 -26.118396 163
46 -25.024154 162
47 -29.483916 164
48 -15.457268 162
49 -22.672137 163
50 -15.603070 163
51 -6.786450 163
52 -9.715223 164
53 -6.199390 163
54 -4.019639 162
55 -14.045142 163
56 -21.753264 164
57 -16.336991 164
58 -16.187168 162
59 -24.042646 164
60 -25.045405 163
61 -21.809317 163
62 -30.025370 164
63 -14.532107 162
64 -24.558726 163
65 -18.769276 163
66 -6.701432 164
67 -12.572799 164
68 -7.728814 163
69 -4.313994 162
70 -17.123912 163
71 -22.697304 164
72 -15.986378 164
73 -14.596187 162
74 -25.231935 164
75 -23.811603 163
76 -19.343168 163
77 -30.318147 164
78 -13.359091 162
79 -26.169435 163
80 -22.640024 162
81 -10.569224 163
82 -15.333790 164
83 -9.186482 163
84 -4.496251 162
85 -20.069533 163
86 -23.533015 164
87 -15.547802 164
88 -11.872819 163
89 -28.268039 163
90 -22.443859 163
91 -16.714011 163
92 -30.450672 164
93 -12.038741 162
94 -27.609845 163
95 -25.297442 162
96 -10.395754 164
97 -18.032832 164
98 -10.592288 163
99 -4.610172 162
100 -22.934971 163
101 -24.270359 164
102 -17.011653 163
103 -10.038109 163
104 -27.185175 164
105 -18.884412 164
106 -13.891267 163
107 -32.418503 163
108 -10.554215 162
109 -28.878960 163
110 -26.696657 163
111 -14.176117 163
112 -20.673012 164
113 -9.942372 164
114 -4.659537 162
115 -25.728157 163
116 -24.903918 164
117 -14.360786 164
118 -8.081969 163
119 -29.981611 163
120 -19.099564 163
121 -10.838472 163
122 -30.207819 164
123 -8.876556 162
124 -29.959435 163
125 -29.772068 162
126 -15.943145 163
127 -23.274060 164
128 -13.270030 163
129 -4.679410 162
130 -28.472654 163
131 -25.458276 164
132 -15.614531 163
133 -6.024189 163
134 -28.677252 164
135 -15.107336 164
136 -8.540864 162
137 -29.848432 164
138 -7.044035 162
139 -28.866335 164
140 -28.501866 164
