0 2.000000 70
1 -15.922460 71
2 -26.239188 71
3 -12.665823 71
4 1.829243 72
5 -29.463762 71
6 -0.491805 70
7 -2.044672 70
8 -0.536183 70
9 1.474266 71
10 -3.101616 70
11 -19.854390 70
12 -18.593133 70
13 -16.291206 71
14 -20.882952 70
15 -22.041941 72
16 -28.798056 69
17 -29.908906 70
18 -15.432851 70
19 -16.122169 71
20 -6.640020 71
21 -2.733796 70
22 -3.563703 71
23 -2.600738 70
24 0.178621 71
25 -7.091017 70
26 -21.392928 70
27 -16.740039 71
28 -15.737081 71
29 -22.891910 70
30 -25.320596 71
31 -24.340861 71
32 -30.880999 70
33 -13.159929 71
34 -20.613969 70
35 -10.350996 71
36 -4.884909 70
37 -6.886051 71
38 -2.504814 71
39 -0.756103 71
40 -8.808476 71
41 -22.802793 70
42 -16.717134 71
43 -10.802138 72
44 -22.694954 71
45 -20.434573 72
46 -22.496149 71
47 -31.681709 70
48 -8.637956 72
49 -20.819687 71
50 -13.828416 71
51 -4.906945 71
52 -9.965558 71
53 -0.203763 72
54 -1.346016 71
55 -12.177252 71
56 -23.981978 70
57 -16.509583 71
58 -9.505297 72
59 -24.182543 71
60 -19.362278 72
61 -20.282391 71
62 -30.231715 71
63 -11.771798 71
64 -24.690241 70
65 -16.984659 71
66 -6.830800 71
67 -12.844708 71
68 -5.738841 71
69 2.330202 72
70 -15.270775 71
71 -24.952156 70
72 -16.156341 71
73 -7.946170 72
74 -27.390952 70
75 -18.118434 72
76 -17.804419 71
77 -30.546685 71
78 -10.633083 71
79 -24.295862 71
80 -19.859220 71
81 -8.705239 71
82 -15.621531 71
83 -7.199578 71
84 -1.872874 71
85 -18.231636 71
86 -25.804172 70
87 -15.711250 71
88 -6.241990 72
89 -26.445724 71
90 -20.727537 71
91 -15.163755 71
92 -32.704695 70
93 -5.344408 72
94 -27.738566 70
95 -22.516326 71
96 -12.536783 70
97 -18.335054 71
98 -8.607994 71
99 1.997332 72
100 -21.114576 71
101 -26.550637 70
102 -15.162648 71
103 -4.415608 72
104 -27.378836 71
105 -19.127857 71
106 -12.331511 71
107 -30.694530 71
108 -3.897984 72
109 -27.008458 71
110 -24.900011 71
111 -14.320723 70
112 -20.989395 71
113 -9.959711 71
114 1.935607 72
115 -23.927387 71
116 -27.190594 70
117 -14.492517 71
118 -2.462384 72
119 -28.193087 71
120 -13.295270 72
121 -9.269039 71
122 -32.492594 70
123 -2.266802 72
124 -28.087195 71
125 -26.978312 71
126 -16.093574 70
127 -23.607866 71
128 -11.289616 71
129 1.901834 72
130 -26.693681 71
131 -25.761691 71
132 -13.714910 71
133 -0.418961 72
134 -28.910350 71
135 -15.249256 71
136 -1.968428 72
137 -30.123542 71
138 -0.483506 72
139 -29.014475 71
140 -28.717011 71
