0 2.000000 177
1 -17.740414 177
2 -27.859565 177
3 -14.671294 177
4 -1.670453 178
5 -29.148109 178
6 -1.404372 176
7 -2.916088 176
8 -0.619460 177
9 -0.304473 177
10 -3.004707 177
11 -20.700983 176
12 -18.441228 177
13 -18.092010 177
14 -20.776981 177
15 -27.706769 177
16 -28.320870 176
17 -27.598827 178
18 -15.381721 177
19 -19.027675 176
20 -8.263806 177
21 -2.624041 177
22 -5.383501 177
23 -3.665768 176
24 -1.550253 177
25 -6.972905 177
26 -21.230495 177
27 -18.581405 177
28 -17.456733 177
29 -20.788375 178
30 -27.993467 176
31 -25.817174 177
32 -24.625292 179
33 -13.042825 178
34 -20.479883 177
35 -10.045254 178
36 -4.753383 177
37 -8.659917 177
38 -4.548606 177
39 -2.435123 177
40 -8.664362 178
41 -22.587451 177
42 -18.549904 177
43 -16.458221 177
44 -22.553431 178
45 -26.108652 177
46 -23.942230 177
47 -29.441929 178
48 -14.425723 177
49 -20.669849 178
50 -13.542473 178
51 -6.761427 177
52 -11.701290 177
53 -6.228630 177
54 -2.970623 177
55 -12.007854 178
56 -21.717182 178
57 -18.339922 177
58 -15.119073 177
59 -24.009561 178
60 -25.034828 177
61 -21.724699 177
62 -29.975282 178
63 -11.490925 178
64 -24.542739 177
65 -16.699615 178
66 -8.677061 177
67 -14.555522 177
68 -7.758174 177
69 -3.261616 177
70 -17.082362 177
71 -22.659780 178
72 -17.991378 177
73 -13.528904 177
74 -25.189945 178
75 -21.799687 178
76 -19.257093 177
77 -30.260533 178
78 -12.312223 177
79 -26.142807 177
80 -15.564815 179
81 -10.545468 177
82 -17.314542 177
83 -10.215891 176
84 -3.441825 177
85 -18.024649 178
86 -25.495747 177
87 -17.554944 177
88 -11.805949 177
89 -26.218824 178
90 -22.430620 177
91 -16.626375 177
92 -30.387910 178
93 -8.988395 178
94 -25.574343 178
95 -22.218712 178
96 -12.372823 177
97 -20.012100 177
98 -10.621766 177
99 -1.554010 178
100 -22.886321 177
101 -26.234404 177
102 -18.021290 176
103 -7.972540 178
104 -23.128932 179
105 -20.871757 177
106 -13.800958 177
107 -26.354617 179
108 -9.502680 177
109 -26.836821 178
110 -24.618306 178
111 -14.154109 177
112 -20.650987 178
113 -12.972290 176
114 -3.601726 177
115 -25.674866 177
116 -24.869619 178
117 -16.371807 177
118 -8.018836 177
119 -27.919743 178
120 -20.094913 176
121 -8.745193 178
122 -30.147066 178
123 -7.827392 177
124 -27.911216 178
125 -26.700956 178
126 -15.921989 177
127 -23.251046 178
128 -13.300283 177
129 -1.619313 178
130 -26.413468 178
131 -25.426774 178
132 -15.628044 177
133 -5.962834 177
134 -30.612580 177
135 -18.118463 176
136 -7.454024 177
137 -29.790902 178
138 -4.000070 178
139 -28.811389 178
140 -24.437695 179
