0 100.000000 10
1 70.000000 7
2 60.000000 6
3 80.000000 8
4 80.000000 8
5 60.000000 6
6 90.000000 9
7 90.000000 9
8 90.000000 9
9 90.000000 9
10 90.000000 9
11 70.000000 7
12 70.000000 7
13 70.000000 7
14 70.000000 7
15 60.000000 6
16 60.000000 6
17 60.000000 6
18 80.000000 8
19 70.000000 7
20 80.000000 8
21 90.000000 9
22 80.000000 8
23 90.000000 9
24 90.000000 9
25 80.000000 8
26 70.000000 7
27 70.000000 7
28 70.000000 7
29 70.000000 7
30 60.000000 6
31 60.000000 6
32 50.000000 5
33 80.000000 8
34 70.000000 7
35 70.000000 7
36 80.000000 8
37 80.000000 8
38 90.000000 9
39 90.000000 9
40 80.000000 8
41 60.000000 6
42 70.000000 7
43 70.000000 7
44 60.000000 6
45 60.000000 6
46 60.000000 6
47 50.000000 5
48 80.000000 8
49 60.000000 6
50 70.000000 7
51 80.000000 8
52 70.000000 7
53 90.000000 9
54 90.000000 9
55 70.000000 7
56 60.000000 6
57 70.000000 7
58 70.000000 7
59 60.000000 6
60 60.000000 6
61 70.000000 7
62 50.000000 5
63 80.000000 8
64 60.000000 6
65 70.000000 7
66 80.000000 8
67 70.000000 7
68 90.000000 9
69 80.000000 8
70 70.000000 7
71 60.000000 6
72 70.000000 7
73 70.000000 7
74 60.000000 6
75 60.000000 6
76 70.000000 7
77 50.000000 5
78 80.000000 8
79 60.000000 6
80 70.000000 7
81 80.000000 8
82 70.000000 7
83 90.000000 9
84 80.000000 8
85 70.000000 7
86 60.000000 6
87 70.000000 7
88 80.000000 8
89 60.000000 6
90 60.000000 6
91 70.000000 7
92 50.000000 5
93 80.000000 8
94 60.000000 6
95 70.000000 7
96 80.000000 8
97 60.000000 6
98 80.000000 8
99 80.000000 8
100 60.000000 6
101 60.000000 6
102 70.000000 7
103 80.000000 8
104 60.000000 6
105 70.000000 7
106 80.000000 8
107 50.000000 5
108 80.000000 8
109 60.000000 6
110 60.000000 6
111 70.000000 7
112 60.000000 6
113 80.000000 8
114 90.000000 9
115 60.000000 6
116 60.000000 6
117 80.000000 8
118 80.000000 8
119 60.000000 6
120 70.000000 7
121 80.000000 8
122 50.000000 5
123 80.000000 8
124 60.000000 6
125 60.000000 6
126 70.000000 7
127 60.000000 6
128 80.000000 8
129 80.000000 8
130 60.000000 6
131 60.000000 6
132 80.000000 8
133 80.000000 8
134 60.000000 6
135 70.000000 7
136 80.000000 8
137 60.000000 6
138 80.000000 8
139 60.000000 6
140 60.000000 6
