1 0.000000
2 19.761214
3 29.883421
4 16.641295
5 5.733076
6 33.215137
7 2.421348
8 3.921276
9 2.584857
10 2.347982
11 5.015723
12 21.719629
13 20.442071
14 20.147123
15 22.795556
16 29.726898
17 29.383667
18 31.636217
19 17.387596
20 20.000025
21 10.323168
22 4.645459
23 7.387418
24 4.634474
25 3.586577
26 8.992726
27 23.254399
28 20.582476
29 19.520401
30 24.803523
31 29.006737
32 27.894490
33 32.665062
34 17.060831
35 22.466202
36 14.099334
37 6.778267
38 10.668519
39 6.519327
40 4.477210
41 12.694895
42 24.618662
43 20.549307
44 18.526175
45 26.574261
46 28.118396
47 26.024154
48 33.483916
49 16.457268
50 24.672137
51 17.603070
52 8.786450
53 13.715223
54 8.199390
55 5.019639
56 16.045142
57 25.753264
58 20.336991
59 17.187168
60 28.042646
61 27.045405
62 23.809317
63 34.025370
64 15.532107
65 26.558726
66 20.769276
67 10.701432
68 16.572799
69 9.728814
70 5.313994
71 19.123912
72 26.697304
73 19.986378
74 15.596187
75 29.231935
76 25.811603
77 21.343168
78 34.318147
79 14.359091
80 28.169435
81 23.640024
82 12.569224
83 19.333790
84 11.186482
85 5.496251
86 22.069533
87 27.533015
88 19.547802
89 13.872819
90 30.268039
91 24.443859
92 18.714011
93 34.450672
94 13.038741
95 29.609845
96 26.297442
97 14.395754
98 22.032832
99 12.592288
100 5.610172
101 24.934971
102 28.270359
103 19.011653
104 12.038109
105 31.185175
106 22.884412
107 15.891267
108 34.418503
109 11.554215
110 30.878960
111 28.696657
112 16.176117
113 24.673012
114 13.942372
115 5.659537
116 27.728157
117 28.903918
118 18.360786
119 10.081969
120 31.981611
121 21.099564
122 12.838472
123 34.207819
124 9.876556
125 31.959435
126 30.772068
127 17.943145
128 27.274060
129 15.270030
130 5.679410
131 30.472654
132 29.458276
133 17.614531
134 8.024189
135 32.677252
136 19.107336
137 9.540864
138 33.848432
139 8.044035
140 32.866335
141 32.501866
