1 0.000000
2 19.897673
3 30.697115
4 16.777569
5 7.451616
6 34.046842
7 2.439545
8 4.080592
9 2.496949
10 3.191791
11 5.193648
12 21.947117
13 20.548619
14 20.973534
15 23.216674
16 30.412047
17 30.353811
18 32.256269
19 17.888295
20 20.063622
21 12.020396
22 4.705273
23 7.713730
24 4.585657
25 4.769162
26 9.251180
27 23.610646
28 20.741748
29 20.698933
30 25.340548
31 29.644791
32 29.094185
33 33.234424
34 17.826822
35 22.662646
36 15.724745
37 6.893929
38 11.136128
39 6.520301
40 5.915035
41 13.178499
42 25.144235
43 20.745037
44 19.974666
45 27.206442
46 28.734312
47 27.396475
48 34.100104
49 17.513834
50 25.036099
51 19.164841
52 8.923111
53 14.310629
54 8.249468
55 6.600003
56 16.674105
57 26.402013
58 20.572589
59 18.807868
60 28.707640
61 27.664417
62 25.315114
63 34.703407
64 16.795040
65 26.979472
66 22.295537
67 10.843181
68 17.243056
69 9.800337
70 6.959003
71 19.814382
72 27.408287
73 20.250583
74 17.320541
75 29.915914
76 26.421710
77 22.886211
78 35.048248
79 15.731856
80 28.594904
81 25.140117
82 12.710347
83 20.045850
84 11.272284
85 7.172639
86 22.794255
87 28.280235
88 19.829978
89 15.647993
90 30.971672
91 25.002824
92 20.268801
93 35.224235
94 14.491131
95 30.026099
96 27.726471
97 14.534446
98 22.775714
99 12.692067
100 7.307888
101 25.693419
102 29.041831
103 19.303030
104 13.820082
105 31.905785
106 23.317549
107 17.464416
108 35.207677
109 13.071458
110 31.279044
111 29.991072
112 16.310957
113 25.439915
114 14.054767
115 7.372000
116 28.519001
117 29.686236
118 18.647006
119 11.839253
120 32.720570
121 21.345300
122 14.425108
123 34.969047
124 11.437148
125 32.357272
126 31.925106
127 18.076172
128 28.063790
129 15.395081
130 7.399061
131 31.287447
132 30.256918
133 17.867960
134 9.757872
135 33.442771
136 19.251296
137 11.113517
138 34.592406
139 9.643855
140 33.315829
141 33.575865
