1 0.000000
2 19.767774
3 29.911694
4 16.655745
5 5.925975
6 33.248138
7 2.405693
8 3.914495
9 2.572927
10 2.476350
11 5.004000
12 21.741954
13 20.456503
14 20.246689
15 22.778224
16 29.726187
17 29.478916
18 31.626200
19 17.520270
20 20.021417
21 10.496526
22 4.628569
23 7.389238
24 4.628661
25 3.752544
26 8.995328
27 23.269924
28 20.596370
29 19.646895
30 24.797845
31 28.992505
32 28.027695
33 32.637251
34 17.228449
35 22.491593
36 14.272649
37 6.767145
38 10.681447
39 6.520758
40 4.659668
41 12.708462
42 24.635418
43 20.562013
44 18.671043
45 26.587050
46 28.099135
47 26.184603
48 33.456058
49 16.655317
50 24.698072
51 17.764322
52 8.780669
53 13.735195
54 8.204118
55 5.206823
56 16.058329
57 25.771586
58 20.351832
59 17.345447
60 28.070215
61 27.025644
62 23.985849
63 34.003053
64 15.745786
65 26.581987
66 20.919733
67 10.699194
68 16.597180
69 9.735114
70 5.502999
71 19.137233
72 26.715169
73 20.004094
74 15.763367
75 29.267138
76 25.793080
77 21.525186
78 34.303965
79 14.576847
80 28.189543
81 23.782994
82 12.569480
83 19.360701
84 11.194460
85 5.687421
86 22.085112
87 27.550151
88 19.568368
89 14.046727
90 30.307247
91 24.426577
92 18.898959
93 34.444962
94 13.258264
95 29.626468
96 26.435116
97 14.397936
98 22.061214
99 12.601847
100 5.803163
101 24.953845
102 28.287353
103 19.033525
104 12.217356
105 31.225621
106 22.867303
107 16.082017
108 34.419770
109 11.774702
110 30.891596
111 28.830137
112 16.179883
113 24.701850
114 13.953552
115 5.853639
116 27.751042
117 28.921717
118 18.381999
119 10.265447
120 32.021532
121 21.084339
122 13.037136
123 34.217855
124 10.095155
125 31.969553
126 30.903181
127 17.948362
128 27.302741
129 15.282983
130 5.873156
131 30.500375
132 29.478289
133 17.633667
134 8.211039
135 32.715720
136 19.104158
137 9.743208
138 33.871744
139 8.260199
140 32.876248
141 32.611076
