1 0.000000
2 19.742363
3 29.856952
4 16.655961
5 5.696207
6 33.208730
7 2.409186
8 3.911392
9 2.600910
10 2.330091
11 5.013812
12 21.697425
13 20.441169
14 20.129492
15 22.775424
16 29.698077
17 29.360002
18 31.610499
19 17.384135
20 20.009575
21 10.273932
22 4.627245
23 7.376812
24 4.651305
25 3.570865
26 8.988654
27 23.225884
28 20.583198
29 19.501180
30 24.787362
31 28.978457
32 27.869990
33 32.649362
34 17.046364
35 22.475643
36 14.050011
37 6.756610
38 10.657245
39 6.536585
40 4.456946
41 12.685729
42 24.583468
43 20.549549
44 18.503009
45 26.561501
46 28.089434
47 25.994713
48 33.471620
49 16.434204
50 24.675703
51 17.551522
52 8.764351
53 13.701013
54 8.216796
55 4.993046
56 16.034661
57 25.713858
58 20.336894
59 17.162283
60 28.030193
61 27.013997
62 23.774910
63 34.010417
64 15.502995
65 26.556878
66 20.717944
67 10.679841
68 16.555462
69 9.745651
70 5.283821
71 19.114193
72 26.656731
73 19.986493
74 15.569946
75 29.220405
76 25.778505
77 21.305913
78 34.300903
79 14.326558
80 28.164921
81 23.592376
82 12.548250
83 19.314005
84 11.202633
85 5.464077
86 22.061370
87 27.493008
88 19.548449
89 13.844987
90 30.257678
91 24.410526
92 18.674044
93 34.432177
94 13.004268
95 29.604072
96 26.255676
97 14.375677
98 22.010960
99 12.607959
100 5.576433
101 24.928234
102 28.232010
103 19.013006
104 12.009131
105 31.175665
106 22.853561
107 15.847411
108 34.400741
109 11.519499
110 30.873125
111 28.664161
112 16.156872
113 24.649321
114 13.957888
115 5.624528
116 27.722207
117 28.867599
118 18.361965
119 10.052308
120 31.972851
121 21.076294
122 12.788043
123 34.194206
124 9.843570
125 31.953394
126 30.752212
127 17.924308
128 27.248894
129 15.285299
130 5.643399
131 30.466737
132 29.424347
133 17.617380
134 7.993212
135 32.669610
136 19.099837
137 9.487665
138 33.840289
139 8.013791
140 32.860047
141 32.489730
