1 0.000000
2 19.957227
3 30.258891
4 16.697804
5 6.217299
6 33.415414
7 2.507113
8 4.049955
9 2.559175
10 2.503715
11 5.115602
12 21.907602
13 20.595219
14 20.291637
15 22.907512
16 30.041561
17 29.775727
18 31.889275
19 17.444535
20 20.077357
21 10.663634
22 4.756036
23 7.578161
24 4.631035
25 3.818992
26 9.088901
27 23.441953
28 20.740239
29 19.737330
30 24.903107
31 29.324688
32 28.331183
33 32.856963
34 17.186680
35 22.560723
36 14.369798
37 6.912889
38 10.908448
39 6.539724
40 4.778892
41 12.783358
42 24.842852
43 20.720395
44 18.819406
45 26.680995
46 28.444890
47 26.504829
48 33.659014
49 16.683145
50 24.769004
51 17.853454
52 8.938217
53 13.991815
54 8.240455
55 5.388167
56 16.142462
57 26.017808
58 20.517549
59 17.535377
60 28.152081
61 27.377189
62 24.300248
63 34.211255
64 15.830004
65 26.641588
66 21.012550
67 10.862908
68 16.872685
69 9.774617
70 5.719089
71 19.232329
72 26.985567
73 20.167846
74 15.980169
75 29.350057
76 26.135229
77 21.822662
78 34.527650
79 14.697499
80 28.245876
81 23.878036
82 12.737514
83 19.649512
84 11.233566
85 5.923991
86 22.191393
87 27.834833
88 19.725915
89 14.276150
90 30.396319
91 24.745384
92 19.179032
93 34.686467
94 13.410823
95 29.683958
96 26.515971
97 14.569574
98 22.362042
99 12.640875
100 6.054279
101 25.072366
102 28.579285
103 19.180820
104 12.448631
105 31.323088
106 23.147263
107 16.342524
108 34.674027
109 11.962943
110 30.944702
111 28.873114
112 16.354705
113 25.014389
114 13.992621
115 6.115055
116 27.883252
117 29.217776
118 18.515606
119 10.492217
120 32.134069
121 21.317352
122 13.278038
123 34.465845
124 10.326406
125 32.013124
126 30.929532
127 18.128499
128 27.630195
129 15.322622
130 6.146678
131 30.647916
132 29.787124
133 17.744692
134 8.450079
135 32.852409
136 19.285535
137 9.990815
138 34.092764
139 8.535964
140 32.940656
141 32.664296
