1 0.000000
2 19.968538
3 30.248344
4 16.687243
5 6.144230
6 33.399690
7 2.512054
8 4.056900
9 2.564746
10 2.503041
11 5.083086
12 21.902296
13 20.613141
14 20.334846
15 22.905799
16 30.041912
17 29.805866
18 31.871696
19 17.495420
20 20.094712
21 10.635021
22 4.765655
23 7.584990
24 4.625588
25 3.815094
26 9.057675
27 23.439951
28 20.749620
29 19.757473
30 24.888548
31 29.297399
32 28.353536
33 32.808666
34 17.222803
35 22.562662
36 14.333212
37 6.923867
38 10.907916
39 6.524331
40 4.748696
41 12.766956
42 24.840661
43 20.722146
44 18.813378
45 26.663867
46 28.395613
47 26.503814
48 33.595411
49 16.687590
50 24.753413
51 17.793617
52 8.949091
53 13.986330
54 8.220070
55 5.333855
56 16.127779
57 26.008091
58 20.512269
59 17.513512
60 28.131641
61 27.316290
62 24.286770
63 34.136983
64 15.804655
65 26.618678
66 20.943263
67 10.874545
68 16.864160
69 9.754543
70 5.653462
71 19.216835
72 26.972615
73 20.160093
74 15.950894
75 29.331019
76 26.073850
77 21.809199
78 34.447365
79 14.650644
80 28.218962
81 23.815479
82 12.750091
83 19.639235
84 11.215575
85 5.853689
86 22.174287
87 27.822800
88 19.717062
89 14.243445
90 30.382542
91 24.690197
92 19.169621
93 34.604830
94 13.347172
95 29.656647
96 26.475058
97 14.582572
98 22.350881
99 12.624741
100 5.981648
101 25.054511
102 28.568845
103 19.170531
104 12.414842
105 31.316406
106 23.101845
107 16.340460
108 34.597022
109 11.886162
110 30.923486
111 28.866356
112 16.367108
113 25.003290
114 13.978117
115 6.042532
116 27.865427
117 29.208320
118 18.501449
119 10.460774
120 32.131513
121 21.279529
122 13.284333
123 34.399670
124 10.241360
125 32.003343
126 30.941557
127 18.140053
128 27.619453
129 15.310043
130 6.074897
131 30.630512
132 29.777060
133 17.726881
134 8.415005
135 32.847763
136 19.240570
137 9.979670
138 34.037677
139 8.447777
140 32.937047
141 32.662245
