1 0.000000
2 19.888234
3 30.071135
4 16.649833
5 6.134666
6 33.343044
7 2.454052
8 3.929957
9 2.557917
10 2.557815
11 5.058172
12 21.821778
13 20.530154
14 20.347230
15 22.854643
16 29.805817
17 29.696773
18 31.719627
19 17.526339
20 20.024768
21 10.655211
22 4.698057
23 7.434889
24 4.614842
25 3.866572
26 9.023135
27 23.356419
28 20.662463
29 19.801531
30 24.858157
31 29.049644
32 28.241853
33 32.670492
34 17.289483
35 22.493213
36 14.386545
37 6.851783
38 10.754530
39 6.510840
40 4.793226
41 12.728633
42 24.745127
43 20.634044
44 18.861978
45 26.642805
46 28.152781
47 26.393116
48 33.465701
49 16.770616
50 24.689814
51 17.871608
52 8.877477
53 13.831706
54 8.199399
55 5.369391
56 16.089810
57 25.897857
58 20.423973
59 17.552210
60 28.118723
61 27.080338
62 24.181766
63 34.011513
64 15.893007
65 26.556500
66 21.031290
67 10.803882
68 16.707972
69 9.729996
70 5.681761
71 19.179881
72 26.850633
73 20.071908
74 15.979655
75 29.320412
76 25.848950
77 21.714687
78 34.317614
79 14.740110
80 28.153112
81 23.907461
82 12.679094
83 19.480368
84 11.188630
85 5.876711
86 22.136801
87 27.690752
88 19.629969
89 14.264873
90 30.370480
91 24.482787
92 19.088963
93 34.469336
94 13.433099
95 29.585918
96 26.567852
97 14.510442
98 22.188825
99 12.595359
100 5.999845
101 25.015050
102 28.427527
103 19.087900
104 12.431536
105 31.299160
106 22.922482
107 16.276030
108 34.459272
109 11.964907
110 30.850684
111 28.955727
112 16.293537
113 24.838020
114 13.946124
115 6.055131
116 27.822779
117 29.059574
118 18.430394
119 10.476252
120 32.104771
121 21.137383
122 13.241050
123 34.268596
124 10.306933
125 31.929637
126 31.014562
127 18.063652
128 27.449404
129 15.275345
130 6.078246
131 30.582658
132 29.621113
133 17.671637
134 8.426126
135 32.807950
136 19.142090
137 9.956445
138 33.928589
139 8.488150
140 32.857375
141 32.698186
