1 0.000000
2 19.765983
3 29.901535
4 16.643606
5 5.835737
6 33.266646
7 2.422333
8 3.924977
9 2.585188
10 2.399956
11 5.031239
12 21.724277
13 20.451426
14 20.197935
15 22.813363
16 29.737389
17 29.417976
18 31.655546
19 17.427105
20 20.031343
21 10.463074
22 4.648264
23 7.391134
24 4.631257
25 3.663529
26 9.029159
27 23.258581
28 20.591044
29 19.594487
30 24.840278
31 29.007739
32 27.949415
33 32.684509
34 17.121719
35 22.509288
36 14.252966
37 6.782273
38 10.675324
39 6.516110
40 4.565080
41 12.743380
42 24.624498
43 20.556802
44 18.612044
45 26.625523
46 28.113739
47 26.091850
48 33.506317
49 16.536691
50 24.724225
51 17.748120
52 8.791419
53 13.725245
54 8.197185
55 5.111603
56 16.094073
57 25.761713
58 20.344122
59 17.279184
60 28.103457
61 27.038789
62 23.882253
63 34.051346
64 15.624546
65 26.613203
66 20.905522
67 10.706843
68 16.584887
69 9.727291
70 5.409142
71 19.171216
72 26.707578
73 19.993526
74 15.691877
75 29.296640
76 25.804786
77 21.418228
78 34.347489
79 14.457705
80 28.222884
81 23.769457
82 12.574672
83 19.347277
84 11.185631
85 5.594434
86 22.116255
87 27.544489
88 19.555176
89 13.971592
90 30.333996
91 24.437528
92 18.791332
93 34.483765
94 13.140808
95 29.661632
96 26.419573
97 14.401134
98 22.047597
99 12.592243
100 5.710782
101 24.982102
102 28.282909
103 19.018673
104 12.139553
105 31.250670
106 22.878734
107 15.973074
108 34.455560
109 11.659311
110 30.929502
111 28.810309
112 16.181702
113 24.689006
114 13.943271
115 5.761702
116 27.776284
117 28.917924
118 18.366591
119 10.185095
120 32.045354
121 21.093726
122 12.928392
123 34.247880
124 9.984235
125 32.010015
126 30.877073
127 17.948661
128 27.291237
129 15.271786
130 5.782089
131 30.522267
132 29.474403
133 17.618091
134 8.127599
135 32.737925
136 19.101526
137 9.643211
138 33.890650
139 8.153815
140 32.916401
141 32.592553
