1 0.000000
2 19.838154
3 30.041703
4 16.620657
5 6.036824
6 33.296708
7 2.429699
8 3.930045
9 2.565884
10 2.537876
11 5.006537
12 21.813024
13 20.494228
14 20.300976
15 22.827542
16 29.806705
17 29.651231
18 31.712812
19 17.514040
20 20.001726
21 10.547831
22 4.665350
23 7.421686
24 4.615769
25 3.820364
26 8.991266
27 23.351036
28 20.615718
29 19.718525
30 24.845096
31 29.051890
32 28.176369
33 32.704768
34 17.254570
35 22.482041
36 14.317601
37 6.814238
38 10.735035
39 6.496935
40 4.745028
41 12.705778
42 24.728211
43 20.568375
44 18.748074
45 26.630217
46 28.142990
47 26.315690
48 33.517638
49 16.698949
50 24.689925
51 17.808431
52 8.835994
53 13.805648
54 8.175708
55 5.304388
56 16.065203
57 25.874024
58 20.348730
59 17.423209
60 28.108323
61 27.057518
62 24.103569
63 34.064323
64 15.800581
65 26.574645
66 20.967234
67 10.759872
68 16.679102
69 9.703870
70 5.607673
71 19.152701
72 26.823591
73 19.995210
74 15.842942
75 29.307623
76 25.817884
77 21.634731
78 34.366160
79 14.640329
80 28.182524
81 23.842003
82 12.633729
83 19.451747
84 11.161468
85 5.797007
86 22.107210
87 27.662772
88 19.555469
89 14.127272
90 30.352182
91 24.446787
92 19.004302
93 34.508801
94 13.329139
95 29.619561
96 26.506147
97 14.464726
98 22.161025
99 12.567994
100 5.915059
101 24.981984
102 28.402579
103 19.017700
104 12.298213
105 31.274388
106 22.881130
107 16.185830
108 34.483295
109 11.856258
110 30.885875
111 28.905806
112 16.248097
113 24.810590
114 13.918845
115 5.965785
116 27.785284
117 29.039554
118 18.363367
119 10.347766
120 32.072229
121 21.086254
122 13.148388
123 34.273928
124 10.193978
125 31.965653
126 30.965277
127 18.017225
128 27.421239
129 15.247415
130 5.984518
131 30.541354
132 29.601068
133 17.612026
134 8.299701
135 32.766351
136 19.088948
137 9.864305
138 33.917751
139 8.375283
140 32.883899
141 32.643612
