1 0.000000
2 19.730365
3 30.112486
4 16.300266
5 7.196461
6 34.058018
7 2.327537
8 4.123538
9 2.232238
10 3.221289
11 5.106735
12 21.527667
13 20.059573
14 20.703755
15 22.846824
16 29.706376
17 29.965937
18 31.760380
19 17.413634
20 19.679247
21 11.678428
22 4.530658
23 7.615662
24 4.166450
25 4.521696
26 9.118261
27 23.131755
28 20.126869
29 20.342884
30 25.005784
31 28.887637
32 28.563659
33 32.738968
34 17.370469
35 22.388201
36 15.427923
37 6.662559
38 10.894393
39 6.002502
40 5.584727
41 12.998660
42 24.634630
43 20.069085
44 19.538924
45 26.915398
46 27.949438
47 26.757371
48 33.624907
49 17.098933
50 24.704447
51 18.895742
52 8.675683
53 13.955265
54 7.693924
55 6.279571
56 16.463728
57 25.849922
58 19.870022
59 18.346153
60 28.461202
61 26.872578
62 24.634491
63 34.270145
64 16.384689
65 26.654163
66 22.065075
67 10.598980
68 16.805480
69 9.246133
70 6.654153
71 19.609297
72 26.808097
73 19.538031
74 16.859038
75 29.707125
76 25.649533
77 22.191369
78 34.654168
79 15.306380
80 28.299133
81 24.961736
82 12.476829
83 19.549724
84 10.732798
85 6.885698
86 22.619318
87 27.644398
88 19.113785
89 15.190650
90 30.787298
91 24.273363
92 19.578435
93 34.873100
94 14.059702
95 29.764461
96 27.630967
97 14.316485
98 22.238524
99 12.170858
100 7.034014
101 25.556554
102 28.383729
103 18.588772
104 13.357070
105 31.741612
106 22.644435
107 16.800251
108 34.899121
109 12.668067
110 31.075731
111 30.007038
112 16.111408
113 24.877129
114 13.551627
115 7.106339
116 28.429352
117 29.010200
118 17.941615
119 11.358598
120 32.585438
121 20.693191
122 13.806668
123 34.694009
124 11.109701
125 32.218076
126 32.068782
127 17.895117
128 27.485716
129 14.905905
130 7.140424
131 31.249701
132 29.577039
133 17.197281
134 9.277930
135 33.345515
136 18.613109
137 10.621632
138 34.376871
139 9.367388
140 33.207577
141 33.835445
