1 0.000000
2 19.777574
3 29.975915
4 16.661414
5 5.978121
6 33.251444
7 2.405940
8 3.925554
9 2.574639
10 2.521883
11 5.009319
12 21.770795
13 20.462726
14 20.272096
15 22.778746
16 29.763077
17 29.543496
18 31.660321
19 17.555313
20 20.022449
21 10.517737
22 4.629457
23 7.409549
24 4.628471
25 3.797638
26 8.991792
27 23.305988
28 20.602857
29 19.694573
30 24.801918
31 29.027148
32 28.089475
33 32.658875
34 17.278265
35 22.489380
36 14.279621
37 6.768538
38 10.712531
39 6.519052
40 4.708390
41 12.696146
42 24.680631
43 20.571943
44 18.727034
45 26.592347
46 28.135400
47 26.244748
48 33.467920
49 16.705454
50 24.687737
51 17.760520
52 8.782905
53 13.774873
54 8.203355
55 5.255774
56 16.045682
57 25.822722
58 20.363310
59 17.400945
60 28.073244
61 27.062960
62 24.044190
63 34.008571
64 15.792826
65 26.567554
66 20.907501
67 10.702460
68 16.641716
69 9.735103
70 5.552287
71 19.126392
72 26.768688
73 20.015449
74 15.818072
75 29.269801
76 25.831173
77 21.581887
78 34.305080
79 14.623554
80 28.172664
81 23.765747
82 12.573853
83 19.408894
84 11.195291
85 5.737648
86 22.076539
87 27.604976
88 19.579565
89 14.100117
90 30.310781
91 24.465732
92 18.954194
93 34.442720
94 13.305050
95 29.606878
96 26.415414
97 14.403420
98 22.112912
99 12.603650
100 5.853987
101 24.947805
102 28.342748
103 19.045244
104 12.269142
105 31.230371
106 22.906574
107 16.136050
108 34.413444
109 11.821727
110 30.870465
111 28.811200
112 16.186206
113 24.757107
114 13.956247
115 5.904845
116 27.747777
117 28.977626
118 18.394844
119 10.315934
120 32.027040
121 21.117245
122 13.090804
123 34.206765
124 10.144202
125 31.949892
126 30.882959
127 17.955863
128 27.362015
129 15.286726
130 5.924813
131 30.500250
132 29.536313
133 17.647170
134 8.261120
135 32.721747
136 19.124047
137 9.795288
138 33.858775
139 8.313047
140 32.862754
141 32.586360
