1 0.000000
2 20.032416
3 30.501277
4 16.830612
5 6.336763
6 33.598409
7 2.579942
8 4.206867
9 2.630010
10 2.497209
11 5.207162
12 22.079146
13 20.700271
14 20.330927
15 23.003678
16 30.399395
17 29.948412
18 32.098771
19 17.629674
20 20.286080
21 10.931824
22 4.850971
23 7.785363
24 4.736125
25 3.839275
26 9.232218
27 23.649634
28 20.871888
29 19.839753
30 25.014432
31 29.697248
32 28.497376
33 33.038705
34 17.385136
35 22.805227
36 14.646389
37 7.019915
38 11.141650
39 6.680584
40 4.847332
41 12.983846
42 25.068135
43 20.878962
44 18.984259
45 26.805069
46 28.826598
47 26.680791
48 33.836090
49 16.924110
50 25.034808
51 18.134044
52 9.045706
53 14.241843
54 8.404724
55 5.485860
56 16.367617
57 26.247237
58 20.689784
59 17.711412
60 28.280184
61 27.768105
62 24.481296
63 34.394078
64 16.100675
65 26.919094
66 21.308356
67 10.966815
68 17.128681
69 9.942842
70 5.828742
71 19.456689
72 27.213964
73 20.342076
74 16.153463
75 29.478679
76 26.526809
77 22.000382
78 34.712608
79 14.981144
80 28.522251
81 24.191796
82 12.837155
83 19.905983
84 11.398811
85 6.039649
86 22.407102
87 28.062067
88 19.898529
89 14.443971
90 30.524434
91 25.130791
92 19.359049
93 34.867133
94 13.701826
95 29.950697
96 26.848919
97 14.663184
98 22.616310
99 12.800772
100 6.173705
101 25.279251
102 28.807716
103 19.352311
104 12.608347
105 31.453672
106 23.516746
107 16.528733
108 34.845442
109 12.253111
110 31.194988
111 29.219903
112 16.440349
113 25.264448
114 14.143899
115 6.236068
116 28.081274
117 29.448040
118 18.688066
119 10.641961
120 32.269990
121 21.653750
122 13.462353
123 34.631048
124 10.604221
125 32.248025
126 31.278594
127 18.207338
128 27.875853
129 15.463922
130 6.267462
131 30.837726
132 30.020056
133 17.915529
134 8.592130
135 32.999466
136 19.567525
137 10.146822
138 34.269474
139 8.774696
140 33.153463
141 32.994947
