1 0.000000
2 19.735861
3 29.840072
4 16.673377
5 5.625388
6 33.083464
7 2.404626
8 3.912236
9 2.614693
10 2.291876
11 4.974461
12 21.694354
13 20.435959
14 20.078267
15 22.742874
16 29.695354
17 29.304850
18 31.557548
19 17.374184
20 20.011626
21 10.207738
22 4.622578
23 7.374322
24 4.661025
25 3.517718
26 8.932500
27 23.221311
28 20.578119
29 19.425721
30 24.751026
31 28.979615
32 27.798900
33 32.571519
34 17.026311
35 22.451174
36 13.980253
37 6.750281
38 10.647485
39 6.544338
40 4.395658
41 12.618199
42 24.575601
43 20.549433
44 18.417546
45 26.511704
46 28.092723
47 25.917069
48 33.374300
49 16.404238
50 24.628798
51 17.473084
52 8.757239
53 13.685403
54 8.226264
55 4.931657
56 15.957920
57 25.702490
58 20.341417
59 17.074322
60 27.962873
61 27.018180
62 23.695391
63 33.899017
64 15.465547
65 26.493170
66 20.626469
67 10.672511
68 16.537166
69 9.757083
70 5.221784
71 19.029462
72 26.643496
73 19.994245
74 15.482806
75 29.139400
76 25.784122
77 21.225314
78 34.181493
79 14.285321
80 28.089405
81 23.489326
82 12.540915
83 19.294798
84 11.215662
85 5.400635
86 21.969395
87 27.478905
88 19.558772
89 13.760006
90 30.165658
91 24.417192
92 18.592925
93 34.309489
94 12.960975
95 29.518881
96 26.142479
97 14.368447
98 21.991541
99 12.622352
100 5.511325
101 24.828994
102 28.217434
103 19.025937
104 11.926764
105 31.073788
106 22.860934
107 15.766700
108 34.279663
109 11.475597
110 30.779632
111 28.541113
112 16.149857
113 24.630283
114 13.973531
115 5.557645
116 27.615609
117 28.852314
118 18.376851
119 9.973212
120 31.862652
121 21.085848
122 12.711248
123 34.078055
124 9.802022
125 31.852229
126 30.620444
127 17.917642
128 27.230779
129 15.301757
130 5.574497
131 30.351960
132 29.408794
133 17.633143
134 7.916723
135 32.553606
136 19.113288
137 9.420578
138 33.727285
139 7.976525
140 32.750004
141 32.354733
