1 0.000000
2 19.922460
3 30.239188
4 16.665823
5 6.170757
6 33.463762
7 2.491805
8 4.044672
9 2.536183
10 2.525734
11 5.101616
12 21.854390
13 20.593133
14 20.291206
15 22.882952
16 30.041941
17 29.798056
18 31.908906
19 17.432851
20 20.122169
21 10.640020
22 4.733796
23 7.563703
24 4.600738
25 3.821379
26 9.091017
27 23.392928
28 20.740039
29 19.737081
30 24.891910
31 29.320596
32 28.340861
33 32.880999
34 17.159929
35 22.613969
36 14.350996
37 6.884909
38 10.886051
39 6.504814
40 4.756103
41 12.808476
42 24.802793
43 20.717134
44 18.802138
45 26.694954
46 28.434573
47 26.496149
48 33.681709
49 16.637956
50 24.819687
51 17.828416
52 8.906945
53 13.965558
54 8.203763
55 5.346016
56 16.177252
57 25.981978
58 20.509583
59 17.505297
60 28.182543
61 27.362278
62 24.282391
63 34.231715
64 15.771798
65 26.690241
66 20.984659
67 10.830800
68 16.844708
69 9.738841
70 5.669798
71 19.270775
72 26.952156
73 20.156341
74 15.946170
75 29.390952
76 26.118434
77 21.804419
78 34.546685
79 14.633083
80 28.295862
81 23.859220
82 12.705239
83 19.621531
84 11.199578
85 5.872874
86 22.231636
87 27.804172
88 19.711250
89 14.241990
90 30.445724
91 24.727537
92 19.163755
93 34.704695
94 13.344408
95 29.738566
96 26.516326
97 14.536783
98 22.335054
99 12.607994
100 6.002668
101 25.114576
102 28.550637
103 19.162648
104 12.415608
105 31.378836
106 23.127857
107 16.331511
108 34.694530
109 11.897984
110 31.008458
111 28.900011
112 16.320723
113 24.989395
114 13.959711
115 6.064393
116 27.927387
117 29.190594
118 18.492517
119 10.462384
120 32.193087
121 21.295270
122 13.269039
123 34.492594
124 10.266802
125 32.087195
126 30.978312
127 18.093574
128 27.607866
129 15.289616
130 6.098166
131 30.693681
132 29.761691
133 17.714910
134 8.418961
135 32.910350
136 19.249256
137 9.968428
138 34.123542
139 8.483506
140 33.014475
141 32.717011
