1 0.000000
2 20.068013
3 30.555240
4 16.721419
5 6.726275
6 33.770177
7 2.602865
8 4.177979
9 2.530949
10 2.666114
11 5.093421
12 22.100605
13 20.799551
14 20.512681
15 23.078375
16 30.400243
17 30.015600
18 32.161492
19 17.717376
20 20.175249
21 11.289378
22 4.858600
23 7.766020
24 4.677669
25 4.123243
26 9.181531
27 23.702673
28 20.980835
29 20.134642
30 25.115011
31 29.689617
32 28.580651
33 33.142466
34 17.529577
35 22.757813
36 15.013653
37 7.040844
38 11.131021
39 6.632285
40 5.179628
41 13.034695
42 25.142726
43 20.980802
44 19.322240
45 26.955485
46 28.809485
47 26.824675
48 33.983115
49 17.128540
50 25.048036
51 18.474630
52 9.074313
53 14.247111
54 8.348103
55 5.851687
56 16.483443
57 26.328099
58 20.787559
59 18.074436
60 28.489771
61 27.746148
62 24.685761
63 34.571220
64 16.334563
65 26.973434
66 21.618725
67 10.996657
68 17.143067
69 9.879746
70 6.212612
71 19.596141
72 27.296362
73 20.433326
74 16.526554
75 29.721204
76 26.498497
77 22.225910
78 34.903754
79 15.243208
80 28.595202
81 24.483513
82 12.866628
83 19.927968
84 11.330033
85 6.429731
86 22.557637
87 28.145652
88 19.977032
89 14.820827
90 30.783348
91 25.085753
92 19.586045
93 35.061139
94 13.989504
95 30.036211
96 27.121746
97 14.693574
98 22.646329
99 12.725062
100 6.568658
101 25.439923
102 28.891813
103 19.412555
104 12.989392
105 31.720419
106 23.436574
107 16.751119
108 35.030063
109 12.560957
110 31.297272
111 29.461771
112 16.473031
113 25.303090
114 14.059648
115 6.635427
116 28.250990
117 29.531742
118 18.720813
119 11.029428
120 32.533519
121 21.540085
122 13.686086
123 34.794090
124 10.923448
125 32.370686
126 31.501721
127 18.242191
128 27.922431
129 15.368702
130 6.665731
131 31.011415
132 30.097642
133 17.912848
134 8.976120
135 33.239948
136 19.450837
137 10.386468
138 34.412687
139 9.109467
140 33.292727
141 33.203480
