1 0.000000
2 19.839343
3 30.005883
4 16.683027
5 6.124564
6 33.238938
7 2.423272
8 3.922100
9 2.596315
10 2.546511
11 4.994003
12 21.789759
13 20.521568
14 20.320659
15 22.790144
16 29.786793
17 29.644861
18 31.631669
19 17.567076
20 20.031745
21 10.642963
22 4.662343
23 7.416870
24 4.654943
25 3.858027
26 8.949950
27 23.322635
28 20.660542
29 19.796002
30 24.789549
31 29.040164
32 28.199214
33 32.601394
34 17.335819
35 22.488676
36 14.374729
37 6.814350
38 10.724932
39 6.548406
40 4.796518
41 12.650054
42 24.699045
43 20.633272
44 18.858702
45 26.569360
46 28.143040
47 26.357660
48 33.404316
49 16.813967
50 24.670932
51 17.852699
52 8.837288
53 13.794151
54 8.234093
55 5.372518
56 16.005794
57 25.841997
58 20.423582
59 17.548400
60 28.042366
61 27.069242
62 24.150879
63 33.951766
64 15.934004
65 26.528892
66 21.009490
67 10.760615
68 16.664306
69 9.763811
70 5.683418
71 19.092544
72 26.788913
73 20.072208
74 15.975742
75 29.238377
76 25.838344
77 21.684487
78 34.256407
79 14.781543
80 28.117802
81 23.881238
82 12.633268
83 19.431643
84 11.222182
85 5.876939
86 22.046317
87 27.625105
88 19.631646
89 14.261121
90 30.281649
91 24.474881
92 19.058158
93 34.404499
94 13.474285
95 29.542295
96 26.535368
97 14.463017
98 22.135492
99 12.629040
100 5.997995
101 24.921605
102 28.360577
103 19.092773
104 12.427793
105 31.204305
106 22.918332
107 16.244618
108 34.389340
109 12.004102
110 30.798462
111 28.915961
112 16.245855
113 24.780346
114 13.980477
115 6.050613
116 27.726603
117 28.993681
118 18.440066
119 10.470213
120 32.005662
121 21.138198
122 13.208548
123 34.192792
124 10.341085
125 31.871502
126 30.961474
127 18.016020
128 27.387584
129 15.309918
130 6.070767
131 30.483183
132 29.556409
133 17.687274
134 8.415978
135 32.705605
136 19.155305
137 9.929719
138 33.844836
139 8.510179
140 32.795493
141 32.628961
