1 0.000000
2 19.740414
3 29.859565
4 16.671294
5 5.670453
6 33.148109
7 2.404372
8 3.916088
9 2.619460
10 2.304473
11 5.004707
12 21.700983
13 20.441228
14 20.092010
15 22.776981
16 29.706769
17 29.320870
18 31.598827
19 17.381721
20 20.027675
21 10.263806
22 4.624041
23 7.383501
24 4.665768
25 3.550253
26 8.972905
27 23.230495
28 20.581405
29 19.456733
30 24.788375
31 28.993467
32 27.817174
33 32.625292
34 17.042825
35 22.479883
36 14.045254
37 6.753383
38 10.659917
39 6.548606
40 4.435123
41 12.664362
42 24.587451
43 20.549904
44 18.458221
45 26.553431
46 28.108652
47 25.942230
48 33.441929
49 16.425723
50 24.669849
51 17.542473
52 8.761427
53 13.701290
54 8.228630
55 4.970623
56 16.007854
57 25.717182
58 20.339922
59 17.119073
60 28.009561
61 27.034828
62 23.724699
63 33.975282
64 15.490925
65 26.542739
66 20.699615
67 10.677061
68 16.555522
69 9.758174
70 5.261616
71 19.082362
72 26.659780
73 19.991378
74 15.528904
75 29.189945
76 25.799687
77 21.257093
78 34.260533
79 14.312223
80 28.142807
81 23.564815
82 12.545468
83 19.314542
84 11.215891
85 5.441825
86 22.024649
87 27.495747
88 19.554944
89 13.805949
90 30.218824
91 24.430620
92 18.626375
93 34.387910
94 12.988395
95 29.574343
96 26.218712
97 14.372823
98 22.012100
99 12.621766
100 5.554010
101 24.886321
102 28.234404
103 19.021290
104 11.972540
105 31.128932
106 22.871757
107 15.800958
108 34.354617
109 11.502680
110 30.836821
111 28.618306
112 16.154109
113 24.650987
114 13.972290
115 5.601726
116 27.674866
117 28.869619
118 18.371807
119 10.018836
120 31.919743
121 21.094913
122 12.745193
123 34.147066
124 9.827392
125 31.911216
126 30.700956
127 17.921989
128 27.251046
129 15.300283
130 5.619313
131 30.413468
132 29.426774
133 17.628044
134 7.962834
135 32.612580
136 19.118463
137 9.454024
138 33.790902
139 8.000070
140 32.811389
141 32.437695
