1 0.000000
2 19.818733
3 30.029376
4 16.638994
5 6.058372
6 33.319467
7 2.414901
8 3.936290
9 2.574989
10 2.552711
11 5.040204
12 21.810509
13 20.492597
14 20.305347
15 22.828685
16 29.798475
17 29.630237
18 31.706067
19 17.564667
20 20.037594
21 10.565515
22 4.647726
23 7.428000
24 4.625611
25 3.837443
26 9.036004
27 23.347445
28 20.620735
29 19.732245
30 24.865643
31 29.054203
32 28.158887
33 32.703313
34 17.313005
35 22.519950
36 14.326125
37 6.794364
38 10.736259
39 6.511803
40 4.759369
41 12.744411
42 24.725458
43 20.579121
44 18.769935
45 26.659573
46 28.150527
47 26.311423
48 33.520724
49 16.756494
50 24.722055
51 17.812089
52 8.814459
53 13.802457
54 8.193085
55 5.320287
56 16.098531
57 25.870652
58 20.363949
59 17.451640
60 28.141080
61 27.067991
62 24.111294
63 34.070778
64 15.854867
65 26.603345
66 20.967325
67 10.737527
68 16.673182
69 9.722231
70 5.624967
71 19.183525
72 26.818584
73 20.011798
74 15.874256
75 29.339863
76 25.830071
77 21.650515
78 34.374616
79 14.692089
80 28.209600
81 23.836468
82 12.611174
83 19.444299
84 11.180052
85 5.814888
86 22.136703
87 27.656357
88 19.572143
89 14.160439
90 30.383000
91 24.460571
92 19.025049
93 34.518100
94 13.378795
95 29.645392
96 26.496278
97 14.442384
98 22.152419
99 12.586454
100 5.933874
101 25.010487
102 28.394727
103 19.033978
104 12.332961
105 31.303597
106 22.897998
107 16.209136
108 34.492511
109 11.902977
110 30.911775
111 28.896830
112 16.226261
113 24.800974
114 13.937231
115 5.985862
116 27.812724
117 29.029693
118 18.380067
119 10.382441
120 32.100262
121 21.107997
122 13.167388
123 34.285360
124 10.235591
125 31.994455
126 30.968494
127 17.996439
128 27.410543
129 15.265940
130 6.005770
131 30.566999
132 29.588887
133 17.629704
134 8.330220
135 32.794048
136 19.112888
137 9.875334
138 33.934204
139 8.408938
140 32.912832
141 32.666794
