1 0.000000
2 19.928229
3 30.199829
4 16.671365
5 6.179261
6 33.403433
7 2.470007
8 3.984880
9 2.561987
10 2.542603
11 5.082010
12 21.868520
13 20.563307
14 20.350798
15 22.896762
16 29.963881
17 29.784477
18 31.840797
19 17.537123
20 20.038388
21 10.689731
22 4.718202
23 7.502112
24 4.620841
25 3.871921
26 9.052423
27 23.411057
28 20.705202
29 19.802723
30 24.895679
31 29.213179
32 28.339320
33 32.781698
34 17.292087
35 22.517116
36 14.407427
37 6.877957
38 10.832846
39 6.517525
40 4.807152
41 12.762270
42 24.814632
43 20.677295
44 18.864047
45 26.682742
46 28.314248
47 26.493756
48 33.574849
49 16.763263
50 24.720883
51 17.876310
52 8.907836
53 13.922486
54 8.209026
55 5.390002
56 16.129167
57 25.983015
58 20.466701
59 17.560920
60 28.164397
61 27.241228
62 24.281635
63 34.122284
64 15.884219
65 26.589369
66 21.028297
67 10.836127
68 16.807827
69 9.741385
70 5.707337
71 19.221628
72 26.946794
73 20.113996
74 15.996462
75 29.369386
76 26.005692
77 21.807651
78 34.433162
79 14.731764
80 28.188532
81 23.902172
82 12.712478
83 19.587270
84 11.201269
85 5.905368
86 22.180223
87 27.795219
88 19.670347
89 14.286734
90 30.421291
91 24.628646
92 19.172236
93 34.588498
94 13.427606
95 29.624985
96 26.562291
97 14.544704
98 22.301753
99 12.609705
100 6.031063
101 25.060678
102 28.538348
103 19.124795
104 12.454832
105 31.352153
106 23.047596
107 16.349425
108 34.575766
109 11.964104
110 30.891841
111 28.951309
112 16.328799
113 24.955997
114 13.962721
115 6.089319
116 27.871118
117 29.174956
118 18.461055
119 10.498952
120 32.161452
121 21.233525
122 13.304860
123 34.373283
124 10.314263
125 31.972678
126 31.017340
127 18.100915
128 27.572402
129 15.294551
130 6.116712
131 30.635356
132 29.740409
133 17.695715
134 8.451273
135 32.869917
136 19.204701
137 10.013123
138 34.016045
139 8.507986
140 32.910763
141 32.722145
