1 0.000000
2 20.061494
3 30.675897
4 16.686572
5 7.332167
6 34.310779
7 2.547862
8 4.136757
9 2.591827
10 2.792640
11 5.222693
12 22.131151
13 20.756343
14 20.850065
15 23.355196
16 30.410418
17 30.292485
18 32.441665
19 17.931104
20 20.197867
21 12.050715
22 4.823018
23 7.755680
24 4.692012
25 4.424579
26 9.412406
27 23.756780
28 20.967933
29 20.529279
30 25.555055
31 29.647064
32 28.947876
33 33.473580
34 17.836967
35 22.880629
36 15.844856
37 7.024377
38 11.161638
39 6.625328
40 5.632235
41 13.411640
42 25.215990
43 20.972812
44 19.807508
45 27.486384
46 28.747990
47 27.286070
48 34.380742
49 17.476449
50 25.291345
51 19.312982
52 9.074003
53 14.313594
54 8.337167
55 6.373266
56 16.959814
57 26.410099
58 20.780481
59 18.633943
60 29.027216
61 27.688786
62 25.220796
63 35.010510
64 16.721605
65 27.281371
66 22.450960
67 11.004886
68 17.229319
69 9.868430
70 6.774275
71 20.105555
72 27.386745
73 20.429128
74 17.131117
75 30.253515
76 26.442536
77 22.782215
78 35.363928
79 15.650783
80 28.938749
81 25.308189
82 12.877323
83 20.025014
84 11.318162
85 7.014719
86 23.080734
87 28.242222
88 19.975897
89 15.450488
90 31.315193
91 25.026204
92 20.148541
93 35.538730
94 14.407986
95 30.401565
96 27.921656
97 14.702930
98 22.749564
99 12.711252
100 7.167942
101 25.971282
102 28.990234
103 19.412728
104 13.624887
105 32.250735
106 23.373048
107 17.318235
108 35.515871
109 12.987774
110 31.676517
111 30.215239
112 16.478049
113 25.409920
114 14.040106
115 7.243951
116 28.786821
117 29.629211
118 18.720230
119 11.651126
120 33.065443
121 21.460825
122 14.263753
123 35.273459
124 11.357442
125 32.766114
126 32.159392
127 18.241117
128 28.034152
129 15.341429
130 7.276985
131 31.549005
132 30.202601
133 17.909636
134 9.580938
135 33.780960
136 19.355152
137 10.987570
138 34.891358
139 9.558129
140 33.724116
141 33.766309
