1 0.000000
2 19.767234
3 29.907127
4 16.610110
5 5.909478
6 33.219877
7 2.405595
8 3.915673
9 2.569875
10 2.460084
11 5.006015
12 21.732833
13 20.445119
14 20.222959
15 22.773352
16 29.719246
17 29.462706
18 31.630660
19 17.455236
20 19.988344
21 10.491916
22 4.628247
23 7.388568
24 4.614232
25 3.735873
26 8.993184
27 23.262526
28 20.579745
29 19.630379
30 24.788645
31 28.982613
32 28.017270
33 32.642668
34 17.165598
35 22.465284
36 14.269752
37 6.764811
38 10.677488
39 6.495651
40 4.638524
41 12.700563
42 24.627837
43 20.540483
44 18.653802
45 26.571620
46 28.084512
47 26.166031
48 33.455032
49 16.588018
50 24.679648
51 17.757638
52 8.776675
53 13.729518
54 8.172859
55 5.183187
56 16.046655
57 25.764290
58 20.325916
59 17.324936
60 28.051275
61 27.007785
62 23.958529
63 33.995809
64 15.677853
65 26.566696
66 20.909668
67 10.694712
68 16.590761
69 9.700206
70 5.479879
71 19.122619
72 26.708646
73 19.974700
74 15.741372
75 29.245989
76 25.773785
77 21.494762
78 34.290748
79 14.510582
80 28.173725
81 23.769415
82 12.565092
83 19.354070
84 11.156649
85 5.665229
86 22.067750
87 27.544384
88 19.535612
89 14.023942
90 30.283893
91 24.406352
92 18.868073
93 34.426837
94 13.193718
95 29.609073
96 26.415193
97 14.394232
98 22.054747
99 12.561652
100 5.782426
101 24.933989
102 28.282556
103 18.997282
104 12.194556
105 31.200619
106 22.845782
107 16.051688
108 34.398862
109 11.713044
110 30.873141
111 28.799799
112 16.177561
113 24.695908
114 13.911238
115 5.834480
116 27.728695
117 28.918050
118 18.341793
119 10.243112
120 31.995537
121 21.059494
122 13.008564
123 34.193804
124 10.038097
125 31.950826
126 30.858620
127 17.947298
128 27.297452
129 15.238682
130 5.855474
131 30.475208
132 29.475217
133 17.589207
134 8.189953
135 32.689831
136 19.068504
137 9.719712
138 33.842589
139 8.209431
140 32.858006
141 32.564521
