1 0.000000
2 20.025785
3 30.376395
4 16.765979
5 6.276002
6 33.554814
7 2.618899
8 4.171631
9 2.589727
10 2.450535
11 5.175117
12 22.045736
13 20.754562
14 20.291111
15 23.022373
16 30.248520
17 29.757894
18 32.026557
19 17.501561
20 20.183454
21 10.910279
22 4.871070
23 7.733652
24 4.696402
25 3.798249
26 9.203860
27 23.604907
28 20.931849
29 19.802955
30 25.013213
31 29.561895
32 28.295723
33 32.974580
34 17.263536
35 22.707337
36 14.657416
37 7.031201
38 11.073152
39 6.638939
40 4.793820
41 12.963399
42 25.017415
43 20.931960
44 18.939790
45 26.795354
46 28.705287
47 26.502090
48 33.776122
49 16.798900
50 24.943244
51 18.141527
52 9.051984
53 14.155306
54 8.359356
55 5.436475
56 16.347694
57 26.183377
58 20.737865
59 17.666556
60 28.274336
61 27.660838
62 24.330777
63 34.332453
64 15.968143
65 26.828853
66 21.290587
67 10.968446
68 17.026577
69 9.893831
70 5.780168
71 19.433050
72 27.139060
73 20.383861
74 16.107577
75 29.474084
76 26.431119
77 21.863416
78 34.643280
79 14.846904
80 28.424596
81 24.151814
82 12.834782
83 19.793637
84 11.346481
85 5.988170
86 22.378888
87 27.978773
88 19.930375
89 14.392763
90 30.517126
91 25.044004
92 19.226040
93 34.790348
94 13.563543
95 29.844700
96 26.783883
97 14.658668
98 22.497947
99 12.745554
100 6.120377
101 25.248746
102 28.716389
103 19.369883
104 12.551963
105 31.445219
106 23.434329
107 16.396617
108 34.765493
109 12.105978
110 31.087412
111 29.112542
112 16.435558
113 25.143805
114 14.086150
115 6.182063
116 28.049808
117 29.347767
118 18.684660
119 10.585751
120 32.260385
121 21.575289
122 13.334170
123 34.550624
124 10.446359
125 32.152856
126 31.121929
127 18.201951
128 27.753488
129 15.403178
130 6.211836
131 30.802409
132 29.909055
133 17.888473
134 8.536325
135 32.980868
136 19.498132
137 10.031290
138 34.195101
139 8.621225
140 33.085359
141 32.830026
