1 0.000000
2 19.853700
3 30.015073
4 16.673480
5 6.127516
6 33.260558
7 2.445179
8 3.931785
9 2.605379
10 2.574493
11 4.990943
12 21.809469
13 20.526728
14 20.340330
15 22.786846
16 29.816815
17 29.659961
18 31.642846
19 17.566479
20 20.054181
21 10.637322
22 4.681361
23 7.421157
24 4.653448
25 3.887802
26 8.954390
27 23.341571
28 20.660322
29 19.801253
30 24.800074
31 29.075940
32 28.234244
33 32.621267
34 17.328255
35 22.522299
36 14.382875
37 6.831516
38 10.729671
39 6.540558
40 4.826747
41 12.663505
42 24.712486
43 20.629211
44 18.857104
45 26.589462
46 28.178357
47 26.393924
48 33.426466
49 16.799400
50 24.718423
51 17.863523
52 8.853445
53 13.794354
54 8.225883
55 5.396614
56 16.020908
57 25.851697
58 20.417016
59 17.545051
60 28.068206
61 27.100046
62 24.186655
63 33.972709
64 15.913926
65 26.587591
66 21.018289
67 10.776315
68 16.662145
69 9.757089
70 5.702917
71 19.108496
72 26.796957
73 20.063992
74 15.968224
75 29.267468
76 25.864252
77 21.718312
78 34.277742
79 14.757426
80 28.183174
81 23.889969
82 12.648763
83 19.429938
84 11.216246
85 5.892553
86 22.063439
87 27.632982
88 19.622181
89 14.249806
90 30.312249
91 24.496245
92 19.089356
93 34.426779
94 13.448083
95 29.611373
96 26.548287
97 14.478516
98 22.135827
99 12.623204
100 6.009958
101 24.939619
102 28.369265
103 19.082128
104 12.414473
105 31.234891
106 22.933543
107 16.273876
108 34.410982
109 11.976679
110 30.869262
111 28.936587
112 16.261432
113 24.783671
114 13.973652
115 6.059044
116 27.745231
117 29.003433
118 18.428798
119 10.455990
120 32.034179
121 21.142410
122 13.232939
123 34.212084
124 10.314748
125 31.940614
126 30.988330
127 18.031372
128 27.393993
129 15.301384
130 6.076020
131 30.502861
132 29.566185
133 17.679656
134 8.401153
135 32.729582
136 19.149514
137 9.942289
138 33.863062
139 8.492265
140 32.857213
141 32.657198
