1 0.000000
2 20.064963
3 30.419645
4 16.803205
5 6.367175
6 33.470559
7 2.551814
8 4.118817
9 2.622399
10 2.512004
11 5.151600
12 22.065064
13 20.715013
14 20.357533
15 22.978286
16 30.250188
17 29.919238
18 31.986343
19 17.554717
20 20.187676
21 10.845540
22 4.825337
23 7.680030
24 4.722288
25 3.868521
26 9.152944
27 23.612852
28 20.865035
29 19.850821
30 24.964880
31 29.543518
32 28.486585
33 32.910938
34 17.320378
35 22.672510
36 14.566828
37 6.999565
38 11.040438
39 6.651645
40 4.872776
41 12.850964
42 25.012093
43 20.849815
44 18.969327
45 26.733403
46 28.666467
47 26.667415
48 33.694462
49 16.850781
50 24.874872
51 18.056417
52 9.033576
53 14.141779
54 8.364704
55 5.511459
56 16.208917
57 26.179449
58 20.645106
59 17.693773
60 28.193657
61 27.599256
62 24.472301
63 34.237527
64 16.023699
65 26.737223
66 21.218019
67 10.962209
68 17.030462
69 9.900841
70 5.853397
71 19.296603
72 27.142948
73 20.291140
74 16.142073
75 29.383597
76 26.352378
77 21.996515
78 34.547669
79 14.900450
80 28.331806
81 24.082182
82 12.838791
83 19.811158
84 11.358027
85 6.063521
86 22.253873
87 27.990640
88 19.845780
89 14.440421
90 30.425708
91 24.950942
92 19.354248
93 34.702211
94 13.618350
95 29.763011
96 26.717639
97 14.671508
98 22.525518
99 12.762060
100 6.197826
101 25.133066
102 28.735210
103 19.299529
104 12.613279
105 31.351415
106 23.336033
107 16.519910
108 34.687402
109 12.176924
110 31.019564
111 29.068443
112 16.457373
113 25.177633
114 14.108387
115 6.261507
116 27.941421
117 29.373710
118 18.637862
119 10.654443
120 32.162732
121 21.492325
122 13.455958
123 34.483018
124 10.546167
125 32.084968
126 31.116113
127 18.233090
128 27.792197
129 15.432431
130 6.295180
131 30.703811
132 29.943374
133 17.871543
134 8.607971
135 32.885228
136 19.446116
137 10.156264
138 34.125532
139 8.745112
140 32.997794
141 32.825640
