1 0.000000
2 19.843994
3 30.032868
4 16.685403
5 6.079370
6 33.268386
7 2.437139
8 3.933780
9 2.596673
10 2.555812
11 5.001452
12 21.824607
13 20.523680
14 20.318165
15 22.814530
16 29.814107
17 29.632683
18 31.670151
19 17.565359
20 20.071302
21 10.572192
22 4.673858
23 7.422543
24 4.657577
25 3.858812
26 8.975553
27 23.356853
28 20.657280
29 19.757647
30 24.826713
31 29.071838
32 28.179496
33 32.650602
34 17.313611
35 22.542947
36 14.322868
37 6.823786
38 10.730660
39 6.548897
40 4.791565
41 12.686795
42 24.728499
43 20.620813
44 18.805253
45 26.607698
46 28.175465
47 26.334742
48 33.457596
49 16.767611
50 24.737813
51 17.801129
52 8.846510
53 13.798932
54 8.232375
55 5.353627
56 16.040994
57 25.868383
58 20.406036
59 17.488277
60 28.080533
61 27.098047
62 24.130467
63 34.002597
64 15.875942
65 26.606127
66 20.955979
67 10.770659
68 16.671023
69 9.762779
70 5.656626
71 19.125894
72 26.813898
73 20.053528
74 15.909130
75 29.276648
76 25.863023
77 21.666340
78 34.305594
79 14.716214
80 28.204485
81 23.830419
82 12.644377
83 19.442303
84 11.221952
85 5.845040
86 22.078988
87 27.650081
88 19.613866
89 14.191702
90 30.319251
91 24.496741
92 19.040874
93 34.450928
94 13.403748
95 29.636630
96 26.495584
97 14.474921
98 22.150561
99 12.629739
100 5.961957
101 24.953148
102 28.386839
103 19.076622
104 12.359653
105 31.240487
106 22.938138
107 16.228107
108 34.429194
109 11.928921
110 30.897592
111 28.898126
112 16.257172
113 24.799861
114 13.981914
115 6.011052
116 27.756502
117 29.021417
118 18.425768
119 10.405667
120 32.038306
121 21.151763
122 13.193228
123 34.223975
124 10.263902
125 31.970212
126 30.965881
127 18.024527
128 27.411127
129 15.311732
130 6.028076
131 30.512618
132 29.583098
133 17.680564
134 8.352763
135 32.732796
136 19.158158
137 9.908319
138 33.871508
139 8.438946
140 32.880713
141 32.638090
