0 4.000000 14
1 28.788764 15
2 34.510170 15
3 -39.428852 14
4 -46.381472 14
5 -10.011527 15
6 3.415819 14
7 3.494965 14
8 -2.754637 14
9 -4.142191 14
10 -2.764869 13
11 26.190628 15
12 15.735673 14
13 18.458480 15
14 21.422712 15
15 21.126762 14
16 19.900230 14
17 23.019601 14
18 -42.838093 14
19 -39.753693 14
20 -42.742711 15
21 3.555873 14
22 4.549520 14
23 -8.894090 14
24 -11.099017 14
25 -6.407321 13
26 25.031373 15
27 7.454526 14
28 5.281668 14
29 11.462397 14
30 10.332344 13
31 9.784642 14
32 20.456984 15
33 -45.425613 14
34 -39.210113 14
35 -41.874603 15
36 8.621883 15
37 6.229612 14
38 -14.523200 14
39 -17.454103 14
40 -9.407128 13
41 24.531293 15
42 -0.002637 14
43 -3.344440 14
44 4.283329 13
45 1.991329 13
46 0.170654 14
47 10.463866 14
48 -47.569505 14
49 -38.082982 14
50 -40.170560 15
51 10.346797 15
52 8.452061 14
53 -19.449061 14
54 -23.244675 14
55 -11.872908 13
56 24.684046 15
57 -6.931972 14
58 -7.396117 15
59 -0.320652 13
60 -5.732169 13
61 -4.654450 15
62 5.027733 14
63 -49.020108 14
64 -36.255317 14
65 -37.647121 15
66 12.425232 15
67 11.070465 14
68 -25.896748 13
69 -28.469222 14
70 -13.836275 13
71 25.306871 15
72 -15.554462 13
73 -14.810829 15
74 -4.469529 13
75 -13.029701 13
76 -12.940192 15
77 0.034674 14
78 -49.939290 14
79 -33.922735 14
80 -34.581489 15
81 14.693148 15
82 13.920362 14
83 -29.987377 13
84 -29.234136 15
85 -13.414085 14
86 26.048581 15
87 -19.977973 14
88 -21.781837 15
89 -8.183440 13
90 -20.030750 13
91 -20.851177 15
92 -4.559139 14
93 -46.375048 15
94 -31.092969 14
95 -31.117189 15
96 17.236995 15
97 17.183612 14
98 -33.796867 13
99 -33.631865 15
100 -14.530191 14
101 27.110672 15
102 -28.066599 13
103 -28.342953 15
104 -11.280065 13
105 -27.677176 12
106 -28.189241 15
107 -4.581474 15
108 -46.244343 15
109 -27.574859 14
110 -19.023583 16
111 20.186890 15
112 20.951370 14
113 -35.239488 14
114 -37.538343 15
115 -14.966873 14
116 28.908175 15
117 -31.593085 14
118 -34.199025 15
119 -14.614489 12
120 -33.887989 12
121 -34.729761 15
122 -11.831531 14
123 -45.549046 15
124 -23.463489 14
125 -21.962088 15
126 23.933726 15
127 25.077626 14
128 -37.845536 14
129 -40.645341 15
130 -10.885838 15
131 31.386081 15
132 -36.376345 14
133 -39.051138 15
134 -13.396985 14
135 -39.477440 12
136 -44.380865 14
137 -10.269439 15
138 -44.296925 15
139 -19.090290 14
140 -16.375983 15
