1 7824 0.7388944000000001
1 7825 0.2811648000000000
1 7859 1.5221392000000000
1 7860 0.0623416000000000
1 7861 1.1886744000000000
1 7862 0.1234280000000000
2 7828 0.7388944000000001
2 7829 0.2811648000000000
2 7830 0.7388944000000001
2 7831 0.2811648000000000
2 7866 1.5221392000000000
2 7867 0.0623416000000000
2 7868 1.1886744000000000
2 7869 0.1234280000000000
2 7870 1.5221392000000000
2 7871 0.0623416000000000
2 7872 1.1886744000000000
2 7873 0.1234280000000000
3 7835 0.7388944000000001
3 7836 0.2811648000000000
3 7878 1.5221392000000000
3 7879 0.0623416000000000
3 7880 1.1886744000000000
3 7881 0.1234280000000000
4 7840 0.7388944000000001
4 7841 0.2811648000000000
4 7886 1.5221392000000000
4 7887 0.0623416000000000
4 7888 1.1886744000000000
4 7889 0.1234280000000000
5 7844 0.7388944000000001
5 7845 0.2811648000000000
5 7846 0.7388944000000001
5 7847 0.2811648000000000
5 7893 1.5221392000000000
5 7894 0.0623416000000000
5 7895 1.1886744000000000
5 7896 0.1234280000000000
5 7897 1.5221392000000000
5 7898 0.0623416000000000
5 7899 1.1886744000000000
5 7900 0.1234280000000000
