0 16.000000 16
1 -11.677509 15
2 -22.265861 15
3 -13.374389 14
4 1.440100 15
5 -33.713623 13
6 5.678244 15
7 3.919550 15
8 1.246558 14
9 5.497682 15
10 -2.089912 14
11 -13.874024 15
12 -16.600188 14
13 -12.137539 15
14 -19.541917 14
15 -26.380036 14
16 -14.319492 16
17 -25.024251 15
18 -14.047120 14
19 -19.330634 13
20 -7.764325 14
21 3.458325 15
22 0.470761 15
23 -2.997962 13
24 4.192633 15
25 -6.618103 14
26 -15.468660 15
27 -16.896232 14
28 -11.550514 15
29 -24.379090 13
30 -26.056602 14
31 -20.921158 15
32 -32.816027 13
33 -15.805642 13
34 -23.250829 12
35 -11.862453 14
36 1.342975 15
37 5.143778 16
38 -5.000602 13
39 3.227821 15
40 -12.647516 13
41 -16.876739 15
42 -16.980272 14
43 -10.627699 15
44 -26.676198 13
45 -25.390127 14
46 -19.104251 15
47 -33.830904 13
48 -13.358917 14
49 -25.820356 12
50 -15.687138 14
51 -0.657091 15
52 2.018495 16
53 -4.780909 14
54 2.635798 15
55 -16.201233 13
56 -18.060488 15
57 -16.849411 14
58 -9.413423 15
59 -26.462971 14
60 -24.377860 14
61 -16.899213 15
62 -34.402041 13
63 -12.542547 14
64 -26.987360 13
65 -21.070652 13
66 -2.572339 15
67 -0.871525 16
68 -6.366519 14
69 2.263737 15
70 -19.412005 13
71 -19.047228 15
72 -16.552065 14
73 -11.947021 14
74 -27.746356 14
75 -19.122318 15
76 -14.396132 15
77 -34.738637 13
78 -11.417826 14
79 -28.765169 13
80 -22.078528 14
81 -4.443236 15
82 -3.643868 16
83 -9.851567 13
84 1.999937 15
85 -22.455613 13
86 -19.912715 15
87 -16.150570 14
88 -10.334343 14
89 -30.828332 13
90 -21.658801 14
91 -11.700833 15
92 -32.917323 14
93 -10.127443 14
94 -30.315715 13
95 -24.826294 14
96 -10.270999 14
97 -14.352243 15
98 -9.272960 14
99 1.806521 15
100 -25.389848 13
101 -12.668962 16
102 -15.645115 14
103 -4.593019 15
104 -31.787976 13
105 -19.888975 14
106 -8.766107 15
107 -32.919468 14
108 -8.663248 14
109 -31.645291 13
110 -27.300833 14
111 -8.050686 15
112 -9.004053 16
113 -10.634270 14
114 1.679466 15
115 -26.220093 14
116 -21.319286 15
117 -15.026621 14
118 -6.721774 14
119 -32.604575 13
120 -17.863771 14
121 -5.578045 15
122 -34.736188 13
123 -6.987591 14
124 -32.678172 13
125 -29.472169 14
126 -9.829382 15
127 -19.623753 15
128 -13.979325 13
129 1.578800 15
130 -30.976128 13
131 -21.886099 15
132 -16.314968 13
133 -0.759512 15
134 -33.295692 13
135 -15.776315 14
136 -2.228901 15
137 -34.400246 13
138 -5.081495 14
139 -33.461683 13
140 -33.191522 13
