0 16.000000 144
1 -15.782914 142
2 -22.367652 143
3 -12.828255 142
4 -2.137256 142
5 -26.263758 143
6 5.625918 143
7 3.992743 143
8 1.373845 142
9 1.469896 142
10 2.854381 143
11 -17.798365 142
12 -18.589582 141
13 -18.338208 141
14 -15.062937 143
15 -29.202157 140
16 -21.870072 143
17 -30.382159 141
18 -13.665564 142
19 -18.380647 141
20 -6.947363 142
21 -0.609838 142
22 0.443479 143
23 -2.679308 141
24 0.225966 142
25 -1.413356 143
26 -19.409771 142
27 -18.744618 141
28 -15.746463 142
29 -17.355759 143
30 -28.463237 140
31 -26.404576 141
32 -31.571264 141
33 -13.346504 142
34 -21.038284 141
35 -12.900753 141
36 -2.747846 142
37 5.118890 144
38 -4.572316 141
39 -0.702614 142
40 -5.281000 143
41 -20.823453 142
42 -18.746850 141
43 -14.782666 142
44 -19.290069 143
45 -27.559590 140
46 -24.562147 141
47 -30.500661 142
48 -12.718840 142
49 -21.381429 142
50 -16.567137 141
51 -4.765273 142
52 2.028836 144
53 -6.274408 141
54 -1.289989 142
55 -8.733886 143
56 -24.003142 141
57 -18.562222 141
58 -13.486341 142
59 -20.842478 143
60 -25.464852 141
61 -22.357703 141
62 -33.112174 141
63 -13.794869 141
64 -25.353457 141
65 -19.863438 141
66 -6.690816 142
67 -8.867395 143
68 -5.824840 142
69 -1.623130 142
70 -11.886622 143
71 -24.998910 141
72 -18.226026 141
73 -11.932942 142
74 -22.094686 143
75 -24.205835 141
76 -19.879017 141
77 -31.442764 142
78 -10.632152 142
79 -27.016138 141
80 -22.819179 141
81 -10.567326 141
82 -11.665971 143
83 -9.298502 141
84 -1.834451 142
85 -14.895418 143
86 -25.886194 141
87 -17.797037 141
88 -10.243327 142
89 -23.184299 143
90 -22.813260 141
91 -17.220563 141
92 -31.594227 142
93 -9.328036 142
94 -28.500465 141
95 -23.529086 142
96 -10.401026 142
97 -14.402076 143
98 -10.717978 141
99 -1.970644 142
100 -17.820463 143
101 -24.671928 142
102 -17.266071 141
103 -8.442458 142
104 -24.144629 143
105 -21.225901 141
106 -12.358974 142
107 -27.567032 143
108 -9.876539 141
109 -29.813747 141
110 -27.944984 141
111 -12.187127 142
112 -17.077637 143
113 -12.082917 141
114 -2.034433 142
115 -20.669319 143
116 -25.345538 142
117 -16.608272 141
118 -6.513774 142
119 -24.972880 143
120 -19.397943 141
121 -11.270402 141
122 -31.347486 142
123 -6.247932 142
124 -30.930668 141
125 -30.007853 141
126 -13.958931 142
127 -19.714924 143
128 -13.429767 141
129 -2.066477 142
130 -23.465921 143
131 -21.926064 143
132 -15.842946 141
133 -4.468643 142
134 -25.691698 143
135 -17.325214 141
136 -7.940985 141
137 -26.945719 143
138 -4.466233 142
139 -31.875889 141
140 -31.641188 141
