0 2.000000 28
1 -15.784622 29
2 -29.185363 27
3 -14.772989 28
4 -1.987210 29
5 -30.713385 29
6 -0.363096 28
7 -1.980457 28
8 -0.653429 28
9 -0.454137 28
10 -3.690150 28
11 -17.767742 29
12 -16.567181 29
13 -16.364442 29
14 -19.394692 29
15 -28.094745 28
16 -27.761936 28
17 -31.544711 27
18 -13.557643 29
19 -17.027693 29
20 -8.978484 28
21 -2.598538 28
22 -5.467764 28
23 -2.715778 28
24 0.293287 29
25 -5.935707 29
26 -21.322160 28
27 -16.750850 29
28 -15.687497 29
29 -23.820194 28
30 -27.371423 28
31 -24.262533 29
32 -32.880976 27
33 -15.393837 28
34 -19.909944 29
35 -11.087875 29
36 -4.736543 28
37 -9.762522 27
38 -4.584959 28
39 -0.598928 29
40 -11.785953 28
41 -22.706459 28
42 -18.732418 28
43 -14.665907 29
44 -25.766094 28
45 -26.455594 28
46 -22.420777 29
47 -33.793533 27
48 -12.919841 29
49 -22.285090 29
50 -14.773891 29
51 -4.749203 29
52 -11.843153 28
53 -4.270675 29
54 -1.129343 29
55 -13.227683 29
56 -23.859164 28
57 -18.539207 28
58 -13.343118 29
59 -25.328307 29
60 -25.359877 28
61 -22.211659 28
62 -34.374981 27
63 -12.052019 29
64 -24.252129 29
65 -18.025999 29
66 -8.669753 28
67 -15.729237 27
68 -7.805819 28
69 -3.438120 28
70 -16.379472 29
71 -24.835291 28
72 -16.190760 29
73 -13.776195 28
74 -28.579233 28
75 -24.116621 28
76 -19.723228 28
77 -34.703679 27
78 -10.897501 29
79 -25.893204 29
80 -20.946460 29
81 -10.542291 28
82 -18.514257 27
83 -9.264380 28
84 -1.642048 29
85 -19.387638 29
86 -25.708030 28
87 -17.747581 28
88 -10.078278 29
89 -29.671950 28
90 -22.746026 28
91 -15.050354 29
92 -34.868431 27
93 -9.593132 29
94 -27.345930 29
95 -23.623489 29
96 -12.373238 28
97 -21.238247 27
98 -8.671648 29
99 -1.780078 29
100 -22.310461 29
101 -27.483030 27
102 -17.207420 28
103 -10.264503 28
104 -30.643125 28
105 -21.175057 28
106 -12.158917 29
107 -34.855177 27
108 -8.133475 29
109 -28.614140 29
110 -25.993485 29
111 -14.161100 28
112 -22.904154 28
113 -12.030754 28
114 -3.857113 28
115 -25.153082 29
116 -27.148194 28
117 -16.552280 28
118 -8.318361 28
119 -29.477523 29
120 -19.335336 28
121 -9.025936 29
122 -34.665670 27
123 -2.470810 30
124 -29.649799 29
125 -28.039920 29
126 -15.945005 28
127 -25.536179 28
128 -11.377860 29
129 -3.906974 28
130 -27.937466 29
131 -28.722519 27
132 -15.775179 28
133 -4.264821 29
134 -30.191705 29
135 -17.284655 28
136 -5.714657 29
137 -33.332615 28
138 -0.581310 30
139 -26.462264 30
140 -29.776247 29
