0 4.000000 149
1 -11.807715 150
2 -22.428484 150
3 -12.866183 149
4 -2.165023 149
5 -32.304073 148
6 5.606105 150
7 3.957144 150
8 -0.657167 148
9 1.461379 149
10 -3.131830 148
11 -17.842935 149
12 -16.629792 149
13 -12.362210 150
14 -21.065725 148
15 -26.270639 149
16 -21.925813 150
17 -28.453948 149
18 -13.668644 149
19 -18.449085 148
20 -6.954955 149
21 3.364816 150
22 -3.598601 149
23 -0.719684 149
24 4.214621 150
25 -7.406789 148
26 -19.467195 149
27 -16.791073 149
28 -11.760115 150
29 -23.354838 148
30 -25.537001 149
31 -20.449526 150
32 -29.641212 149
33 -13.360671 149
34 -19.117054 149
35 -12.891390 148
36 1.225069 150
37 -2.923564 150
38 -2.616772 149
39 -0.710940 149
40 -11.280665 148
41 -20.886720 149
42 -16.795264 149
43 -10.789893 150
44 -25.285987 148
45 -26.637973 148
46 -18.601070 150
47 -32.568565 148
48 -12.742408 149
49 -21.464574 149
50 -16.541244 148
51 -0.792913 150
52 -10.016244 149
53 -4.319332 149
54 -1.302423 149
55 -12.740615 149
56 -18.070000 150
57 -18.610800 148
58 -9.490029 150
59 -26.842326 148
60 -23.546308 149
61 -20.394728 149
62 -33.178103 148
63 -11.823086 149
64 -23.435360 149
65 -20.823537 147
66 -6.718479 149
67 -8.916167 150
68 -5.869594 149
69 -1.638328 149
70 -17.900472 148
71 -19.067836 150
72 -16.274446 149
73 -7.934375 150
74 -26.101410 149
75 -22.288078 149
76 -17.914208 149
77 -33.507690 148
78 -10.662035 149
79 -25.096058 149
80 -22.777141 148
81 -8.594463 149
82 -11.718001 150
83 -7.343172 149
84 2.148422 150
85 -20.916031 148
86 -19.956386 150
87 -17.844986 148
88 -6.243191 150
89 -29.197724 148
90 -20.893680 149
91 -15.255328 149
92 -33.657881 148
93 -9.359340 149
94 -26.578183 149
95 -25.494027 148
96 -10.427423 149
97 -14.456984 150
98 -8.762303 149
99 -1.990226 149
100 -21.847106 149
101 -20.742762 150
102 -15.313742 149
103 -4.441918 150
104 -30.164120 148
105 -19.300706 149
106 -12.395020 149
107 -33.627378 148
108 -7.909835 149
109 -27.888026 149
110 -28.923108 147
111 -8.212573 150
112 -17.134990 150
113 -10.125774 149
114 -2.057119 149
115 -26.701070 148
116 -21.415967 150
117 -14.656382 149
118 -2.514872 150
119 -30.997679 148
120 -17.465089 149
121 -11.305763 148
122 -33.402375 148
123 -6.282284 149
124 -30.999449 148
125 -31.005125 147
126 -9.983731 150
127 -19.774223 150
128 -11.469914 149
129 -2.091973 149
130 -29.502059 148
131 -21.993079 150
132 -15.891484 148
133 -0.477523 150
134 -31.722095 148
135 -15.382643 149
136 -5.974055 149
137 -32.993909 148
138 -4.497934 149
139 -31.933853 148
140 -32.667654 147
