0 4.000000 128
1 -15.766850 128
2 -26.399998 128
3 -14.774616 127
4 -2.012635 128
5 -30.267620 128
6 5.624939 129
7 -0.044410 128
8 -0.596103 127
9 1.514855 128
10 -1.183044 128
11 -13.814054 129
12 -18.586907 127
13 -16.281521 128
14 -19.072203 128
15 -28.236898 127
16 -25.918892 128
17 -30.422302 127
18 -13.614384 128
19 -16.380704 128
20 -8.840735 127
21 3.385426 129
22 -3.597517 128
23 -2.644590 127
24 0.281043 128
25 -5.426294 128
26 -15.436343 129
27 -18.743658 127
28 -15.676490 128
29 -23.371745 127
30 -27.501764 127
31 -20.428424 129
32 -31.607155 127
33 -15.290627 127
34 -19.045754 128
35 -12.812632 127
36 -2.752772 128
37 -2.922986 129
38 -2.535189 128
39 -0.633984 128
40 -9.293026 128
41 -20.858221 128
42 -18.739754 127
43 -10.706488 129
44 -25.299825 127
45 -24.597158 128
46 -22.556912 128
47 -32.525531 127
48 -14.655032 127
49 -21.396221 128
50 -16.480669 127
51 -4.766840 128
52 -10.013504 128
53 -6.236289 127
54 -1.210853 128
55 -12.743817 128
56 -18.045614 129
57 -18.547672 127
58 -9.404244 129
59 -26.845099 127
60 -25.498996 127
61 -20.337904 128
62 -33.128780 127
63 -13.724719 127
64 -23.375582 128
65 -17.775152 128
66 -6.688190 128
67 -12.909085 128
68 -7.785612 127
69 -1.536004 128
70 -15.895806 128
71 -23.045396 128
72 -18.204980 127
73 -7.845702 129
74 -28.092828 127
75 -24.235565 127
76 -13.851701 129
77 -33.456199 127
78 -13.557259 126
79 -25.038281 128
80 -22.729270 127
81 -4.561113 129
82 -15.705993 128
83 -9.257662 127
84 -1.739464 128
85 -18.904764 128
86 -23.933709 128
87 -17.769084 127
88 -10.150026 128
89 -30.180208 126
90 -22.836892 127
91 -11.185657 129
92 -33.605386 127
93 -12.248016 126
94 -26.521433 128
95 -25.438407 127
96 -6.391417 129
97 -18.440216 128
98 -10.674571 127
99 -1.867444 128
100 -23.828960 127
101 -24.718812 128
102 -17.228321 127
103 -8.341166 128
104 -30.139407 127
105 -21.239978 127
106 -12.309811 128
107 -33.577078 127
108 -9.788686 127
109 -27.831940 128
110 -25.857106 128
111 -12.174055 128
112 -21.113936 128
113 -12.035731 127
114 -1.922961 128
115 -24.676152 128
116 -25.390677 128
117 -16.558619 127
118 -6.402591 128
119 -30.968255 127
120 -19.397334 127
121 -9.200307 128
122 -33.357408 127
123 -9.147947 126
124 -28.943037 128
125 -27.932616 128
126 -13.943541 128
127 -23.749550 128
128 -13.378918 127
129 -1.947767 128
130 -29.471244 127
131 -27.967918 127
132 -15.785944 127
133 -4.348785 128
134 -29.691544 128
135 -15.309171 128
136 -5.844681 128
137 -32.956556 127
138 -7.349555 126
139 -29.882509 128
140 -29.598498 128
