0 4.000000 121
1 -15.800267 121
2 -26.456743 121
3 -14.752481 120
4 -2.002697 121
5 -32.254921 120
6 1.608997 121
7 3.935046 122
8 5.400586 122
9 1.485486 121
10 -1.177007 121
11 -17.850882 121
12 -12.605838 122
13 -16.324864 121
14 -19.073947 121
15 -22.275036 122
16 -28.936728 119
17 -28.458257 121
18 -13.587244 121
19 -18.351252 120
20 -8.805906 120
21 -0.640430 121
22 -3.626485 121
23 -0.641824 121
24 -1.752865 120
25 -5.412651 121
26 -19.480184 121
27 -16.751970 121
28 -11.716367 122
29 -23.354644 120
30 -21.530283 122
31 -27.432540 119
32 -31.617334 120
33 -13.270954 121
34 -22.008335 119
35 -12.760454 120
36 1.214522 122
37 -2.959582 122
38 -2.524534 121
39 -0.654937 121
40 -9.270715 121
41 -16.908810 122
42 -18.741718 120
43 -14.742682 121
44 -25.273408 120
45 -24.620858 121
46 -25.551992 119
47 -32.524309 120
48 -14.644096 120
49 -24.353429 119
50 -14.418510 121
51 -4.803241 121
52 -6.058421 122
53 -6.220415 120
54 -3.224018 120
55 -12.721283 121
56 -18.101038 122
57 -16.545559 121
58 -13.434675 121
59 -26.815430 120
60 -23.519084 121
61 -23.331865 119
62 -34.124353 119
63 -11.719662 121
64 -25.335429 120
65 -19.708774 120
66 -6.725575 121
67 -12.958941 121
68 -7.767201 120
69 -3.543613 120
70 -17.874996 120
71 -19.102299 122
72 -16.199818 121
73 -11.872932 121
74 -28.064943 120
75 -22.252807 121
76 -20.847217 119
77 -33.450260 120
78 -10.553396 121
79 -27.002661 120
80 -20.661142 121
81 -8.598342 121
82 -11.758862 122
83 -9.237867 120
84 -3.742790 120
85 -20.886280 120
86 -19.990898 122
87 -17.761629 120
88 -10.175293 121
89 -29.155952 120
90 -20.850065 121
91 -17.182171 120
92 -33.598754 120
93 -11.243212 120
94 -28.491147 120
95 -25.369610 120
96 -10.427718 121
97 -14.495119 122
98 -8.653885 121
99 -3.866914 120
100 -21.812718 121
101 -24.777088 121
102 -17.219169 120
103 -8.362553 121
104 -30.118880 120
105 -19.244282 121
106 -15.306637 119
107 -33.570193 120
108 -7.782151 121
109 -29.805944 120
110 -27.789003 120
111 -12.209027 121
112 -21.169887 121
113 -12.014516 120
114 -1.918769 121
115 -26.661344 120
116 -21.451391 122
117 -17.548334 119
118 -6.417602 121
119 -30.951161 120
120 -19.388470 120
121 -11.196935 120
122 -31.349296 121
123 -6.140940 121
124 -30.919263 120
125 -29.871474 120
126 -13.977515 121
127 -19.806180 122
128 -13.357235 120
129 -3.940388 120
130 -29.457481 120
131 -26.030232 121
132 -16.773733 119
133 -4.355020 121
134 -31.678559 120
135 -17.287740 120
136 -7.839300 120
137 -32.944712 120
138 -7.343514 119
139 -29.863957 121
140 -31.549018 120
