0 8.000000 58
1 -11.741338 58
2 -28.137790 56
3 -14.879206 56
4 -3.989890 56
5 -26.387313 58
6 5.658695 58
7 0.055597 57
8 1.384661 57
9 -0.540914 56
10 -1.193357 57
11 -17.703367 57
12 -16.651117 57
13 -19.230488 55
14 -19.033606 57
15 -28.047739 56
16 -27.700111 56
17 -30.516716 56
18 -13.744810 57
19 -16.502181 57
20 -9.025496 56
21 3.434929 58
22 -5.420103 56
23 -0.666600 57
24 -1.781034 56
25 -5.471268 57
26 -19.272053 57
27 -16.840122 57
28 -18.621336 55
29 -21.352930 57
30 -25.357420 57
31 -26.229891 56
32 -31.826538 56
33 -13.447915 57
34 -19.210422 57
35 -12.984231 56
36 1.296206 58
37 -6.722061 57
38 -2.563046 57
39 -0.654548 57
40 -9.324000 57
41 -22.661751 56
42 -16.844931 57
43 -17.651305 55
44 -25.291012 56
45 -26.488953 56
46 -24.359785 56
47 -30.733517 57
48 -12.843119 57
49 -21.574560 57
50 -16.597007 56
51 -0.723264 58
52 -9.807875 57
53 -4.281165 57
54 -3.199315 56
55 -8.780199 58
56 -21.827375 57
57 -16.662028 57
58 -15.358892 56
59 -26.842492 56
60 -23.413924 57
61 -22.142433 56
62 -33.323238 56
63 -11.938943 57
64 -19.578279 58
65 -19.865921 56
66 -2.649476 58
67 -14.695778 56
68 -5.843091 57
69 -1.511306 57
70 -15.947753 57
71 -22.808219 57
72 -16.321079 57
73 -13.820326 56
74 -28.095392 56
75 -24.174603 56
76 -19.660693 56
77 -31.645892 57
78 -10.775762 57
79 -25.260519 57
80 -20.806791 57
81 -8.525403 57
82 -15.482250 57
83 -7.324613 57
84 -3.708712 56
85 -14.975178 58
86 -23.681954 57
87 -15.883115 57
88 -12.144734 56
89 -29.194480 56
90 -22.803033 56
91 -17.002250 56
92 -27.790102 58
93 -9.459471 57
94 -22.759686 58
95 -25.497714 56
96 -10.357617 57
97 -20.205279 56
98 -8.750771 57
99 -3.833928 56
100 -21.917443 57
101 -26.458787 56
102 -15.340059 57
103 -10.352923 56
104 -30.171388 56
105 -21.232876 56
106 -14.139774 56
107 -27.741546 58
108 -7.983885 57
109 -24.088428 58
110 -25.878831 57
111 -12.143396 57
112 -22.869903 56
113 -10.123207 57
114 -1.891132 57
115 -24.780900 57
116 -27.128436 56
117 -14.673296 57
118 -8.428799 56
119 -29.023355 57
120 -19.414104 56
121 -11.051427 56
122 -27.492488 58
123 -6.312983 57
124 -25.203506 58
125 -27.941169 57
126 -13.917884 57
127 -25.498330 56
128 -13.476659 56
129 -1.920712 57
130 -27.587935 57
131 -25.705895 57
132 -13.899529 57
133 -6.377399 56
134 -29.774487 57
135 -15.360356 57
136 -7.760066 56
137 -27.071089 58
138 -4.466413 57
139 -26.120748 58
140 -25.649207 58
