0 8.000000 136
1 -15.782071 135
2 -26.366763 135
3 -12.793625 135
4 -2.031968 135
5 -30.244360 135
6 5.621961 136
7 -0.016401 135
8 5.398361 136
9 -0.489243 134
10 -1.163834 135
11 -17.805385 135
12 -16.580455 135
13 -18.307344 134
14 -19.052992 135
15 -26.193515 135
16 -27.881755 134
17 -28.367542 135
18 -15.621267 134
19 -16.353879 135
20 -9.850607 133
21 -0.617033 135
22 0.439600 136
23 -0.652519 135
24 -1.720027 134
25 -5.406043 135
26 -19.412671 135
27 -16.734563 135
28 -17.701382 134
29 -17.344844 136
30 -21.452150 136
31 -26.409136 134
32 -29.543754 135
33 -15.287583 134
34 -19.005301 135
35 -13.815854 133
36 1.242936 136
37 -6.882207 135
38 1.454091 136
39 -2.631694 134
40 -9.267848 135
41 -20.823067 135
42 -16.733540 135
43 -16.725206 134
44 -19.274769 136
45 -24.547232 135
46 -25.552883 133
47 -30.457815 135
48 -12.647590 135
49 -17.350949 136
50 -17.489735 133
51 -0.773942 136
52 -9.971558 135
53 -0.248349 136
54 -3.208235 134
55 -8.718241 136
56 -22.002297 135
57 -16.544512 135
58 -15.419278 134
59 -20.821685 136
60 -23.451870 135
61 -23.337629 133
62 -31.060580 135
63 -13.715784 134
64 -23.321639 135
65 -20.792414 133
66 -6.697917 135
67 -12.868245 135
68 -1.798876 136
69 -1.536091 135
70 -15.870914 135
71 -22.998166 135
72 -16.204669 135
73 -13.859751 134
74 -22.069340 136
75 -22.191452 135
76 -20.852831 133
77 -31.389809 135
78 -12.548111 134
79 -24.980143 135
80 -22.752761 134
81 -8.572801 135
82 -15.666949 135
83 -3.272077 136
84 -3.743487 134
85 -18.880194 135
86 -23.885461 135
87 -15.771862 135
88 -12.165366 134
89 -27.155801 135
90 -20.797059 135
91 -18.189684 133
92 -31.543920 135
93 -11.240104 134
94 -26.462004 135
95 -26.466325 133
96 -10.404704 135
97 -18.402931 135
98 -8.690174 135
99 -3.875663 134
100 -21.804990 135
101 -24.671356 135
102 -17.235603 134
103 -11.359644 133
104 -28.114432 135
105 -19.208835 135
106 -15.320399 133
107 -31.522660 135
108 -9.784582 134
109 -27.774337 135
110 -27.887936 134
111 -8.188769 136
112 -21.078258 135
113 -10.052761 135
114 -1.935259 135
115 -24.652848 135
116 -25.345872 135
117 -16.571416 134
118 -9.425349 133
119 -28.943097 135
120 -17.380785 135
121 -12.217235 133
122 -31.312289 135
123 -6.151788 135
124 -28.891893 135
125 -29.958651 134
126 -9.958964 136
127 -23.715167 135
128 -11.397190 135
129 -3.963761 134
130 -27.448250 135
131 -25.927342 135
132 -13.802246 135
133 -6.374464 134
134 -29.666322 135
135 -15.305082 135
136 -7.864904 134
137 -30.920681 135
138 -4.366212 135
139 -29.839486 135
140 -29.602829 135
