0 16.000000 108
1 -11.808538 107
2 -22.477534 107
3 -0.764803 108
4 -1.945915 106
5 -30.217294 106
6 13.602139 108
7 11.937848 108
8 5.397633 107
9 5.490795 107
10 10.836485 108
11 -13.873357 107
12 -4.641754 108
13 -18.320115 105
14 -21.061701 105
15 -22.287460 107
16 -25.910358 106
17 -28.414333 106
18 -13.569793 106
19 -16.298686 106
20 -6.787629 106
21 3.343679 107
22 8.377486 108
23 3.353410 107
24 4.251805 107
25 -1.387405 107
26 -15.506305 107
27 -4.772364 108
28 -15.701360 106
29 -17.332827 107
30 -25.532671 106
31 -24.387983 106
32 -31.543581 105
33 -13.262157 106
34 -20.944564 105
35 -10.756619 106
36 1.195285 107
37 -2.963932 107
38 1.469180 107
39 3.361903 107
40 -5.225482 107
41 -16.937646 107
42 -12.746744 107
43 -14.725172 106
44 -23.251572 106
45 -24.616974 106
46 -22.505164 106
47 -32.437950 105
48 -12.648125 106
49 -23.289304 105
50 -14.415083 106
51 -0.821950 107
52 -6.069234 107
53 -0.227679 107
54 2.804349 107
55 -8.674882 107
56 -18.128246 107
57 -12.543323 107
58 -13.411280 106
59 -26.789700 105
60 -23.512650 106
61 -20.282282 106
62 -33.033099 105
63 -7.727314 107
64 -26.271286 104
65 -17.700688 106
66 5.256610 108
67 -8.972680 107
68 6.224934 108
69 -1.509336 106
70 -15.830476 106
71 -19.128260 107
72 -4.196806 108
73 -11.846118 106
74 -26.032847 106
75 -22.248594 106
76 -17.794378 106
77 -31.355431 106
78 -10.559670 106
79 -27.939827 104
80 -20.643898 106
81 -4.615120 107
82 -11.774575 107
83 -3.246229 107
84 2.297332 107
85 -18.843529 106
86 -20.017415 107
87 -11.759920 107
88 -10.146930 106
89 -29.119255 105
90 -16.849539 107
91 -15.126211 106
92 -33.502601 105
93 -9.246564 106
94 -28.430172 105
95 -23.336206 106
96 -6.443468 107
97 -14.512077 107
98 3.337114 108
99 2.178540 107
100 -21.771974 106
101 -24.804969 106
102 -11.220136 107
103 -8.333033 106
104 -30.080064 105
105 -15.247539 107
106 -12.248080 106
107 -34.476003 104
108 -3.782232 107
109 -30.747695 104
110 -25.731349 106
111 -0.223164 108
112 -17.187842 107
113 1.976040 108
114 -1.869055 106
115 -24.622997 106
116 -21.480972 107
117 -10.553607 107
118 -6.386717 106
119 -30.912707 105
120 -17.394960 106
121 -9.136290 106
122 -33.263905 105
123 -2.134753 107
124 -30.866453 105
125 -29.793066 105
126 -9.989033 107
127 -19.825480 107
128 0.632900 108
129 -1.887120 106
130 -27.420828 106
131 -22.060339 107
132 -1.781772 108
133 -4.318449 106
134 -31.641233 105
135 -11.294075 107
136 -5.776105 106
137 -30.876945 106
138 -4.318287 106
139 -31.812542 105
140 -32.477204 104
