0 8.000000 37
1 -15.699384 36
2 -26.185450 36
3 -12.821508 36
4 -4.105893 35
5 -30.271235 36
6 5.683617 37
7 0.039783 36
8 1.413547 36
9 -0.631678 35
10 -1.442547 36
11 -17.655060 36
12 -18.547892 35
13 -18.304360 35
14 -19.225536 36
15 -28.080414 35
16 -27.790018 35
17 -28.464555 36
18 -16.687432 34
19 -16.464561 36
20 -6.959643 36
21 -0.538196 36
22 -3.428832 36
23 3.338381 37
24 -1.914908 35
25 -5.568237 36
26 -19.251284 36
27 -18.775189 35
28 -17.748794 35
29 -23.559578 35
30 -27.351333 35
31 -27.387345 34
32 -25.690995 37
33 -15.467646 35
34 -21.190562 35
35 -12.914502 35
36 -2.675886 36
37 -6.747782 36
38 -2.569404 36
39 -2.799517 35
40 -9.350646 36
41 -20.650713 36
42 -18.790159 35
43 -16.813731 35
44 -25.417942 35
45 -24.444377 36
46 -25.565469 34
47 -30.553527 36
48 -14.968167 35
49 -23.542357 35
50 -16.518353 35
51 -4.690458 36
52 -9.846772 36
53 -4.276371 36
54 -3.331722 35
55 -12.761682 36
56 -21.807555 36
57 -18.614600 35
58 -15.532904 35
59 -24.925919 36
60 -25.341307 35
61 -22.351253 35
62 -27.101712 37
63 -15.107479 34
64 -25.525757 35
65 -19.765959 35
66 -6.612333 36
67 -12.736410 36
68 -5.822602 36
69 -3.633890 35
70 -15.901297 36
71 -22.784928 36
72 -18.273618 35
73 -13.987800 35
74 -28.157380 35
75 -22.085673 36
76 -20.866629 34
77 -31.407731 36
78 -13.948580 34
79 -27.180884 35
80 -22.704272 35
81 -8.485358 36
82 -11.520816 37
83 -7.289951 36
84 -3.825409 35
85 -18.909064 36
86 -23.660701 36
87 -17.831429 35
88 -12.300361 35
89 -27.241130 36
90 -20.698867 36
91 -17.198755 35
92 -27.552541 37
93 -12.623182 34
94 -26.654995 36
95 -25.396358 35
96 -10.315006 36
97 -18.242797 36
98 -8.705148 36
99 -3.948583 35
100 -21.836574 36
101 -24.440733 36
102 -17.284465 35
103 -10.490071 35
104 -30.200362 35
105 -19.113845 36
106 -15.310514 34
107 -27.518767 37
108 -11.130431 34
109 -30.960164 34
110 -27.769472 35
111 -12.098405 36
112 -20.906943 36
113 -10.071838 36
114 -4.007439 35
115 -24.687386 36
116 -25.113095 36
117 -16.614945 35
118 -9.544379 34
119 -29.021302 36
120 -17.278032 36
121 -12.180350 34
122 -31.306101 36
123 -9.429243 34
124 -32.058216 34
125 -29.813101 35
126 -15.873257 35
127 -23.537620 36
128 -11.424282 36
129 -4.038832 35
130 -27.482375 36
131 -25.697907 36
132 -15.826208 35
133 -7.488204 34
134 -25.734170 37
135 -15.254028 36
136 -7.866705 35
137 -30.933063 36
138 -7.539012 34
139 -31.960148 35
140 -31.510348 35
