0 2.000000 64
1 -18.794232 63
2 -28.320855 64
3 -14.983812 64
4 -5.099393 63
5 -32.523194 64
6 -0.386659 64
7 -2.009160 64
8 -0.691954 64
9 -1.628358 63
10 -4.262749 63
11 -19.769652 64
12 -19.745036 63
13 -19.336226 63
14 -19.110781 65
15 -28.219011 64
16 -27.849120 64
17 -30.651781 64
18 -15.863320 64
19 -16.592329 65
20 -10.086486 63
21 -2.627625 64
22 -6.512572 63
23 -3.751866 63
24 -1.866848 64
25 -7.571837 64
26 -22.362393 63
27 -19.929105 63
28 -15.744452 65
29 -23.460946 64
30 -25.509600 65
31 -27.380227 63
32 -31.970431 64
33 -15.541205 64
34 -19.241338 65
35 -14.062063 63
36 -4.771639 64
37 -8.830073 64
38 -4.660422 64
39 -2.762432 64
40 -11.445690 64
41 -22.772950 64
42 -18.931318 64
43 -16.787917 64
44 -25.426486 64
45 -26.627816 64
46 -25.534264 63
47 -32.891535 64
48 -15.912356 63
49 -21.568333 65
50 -16.704881 64
51 -6.789366 64
52 -11.929434 64
53 -7.384340 63
54 -4.315790 63
55 -15.905120 63
56 -24.959755 63
57 -18.750300 64
58 -15.499475 64
59 -26.988829 64
60 -23.547175 65
61 -23.347764 63
62 -33.491433 64
63 -13.990637 64
64 -23.560580 65
65 -19.996940 64
66 -8.713085 64
67 -14.829200 64
68 -7.947971 64
69 -3.629558 64
70 -18.072367 64
71 -24.956666 64
72 -18.412941 64
73 -14.960895 63
74 -28.245876 64
75 -24.302096 64
76 -20.882212 63
77 -33.817628 64
78 -13.822534 63
79 -25.244695 65
80 -22.947081 64
81 -10.587153 64
82 -17.626728 64
83 -9.429936 64
84 -4.826610 63
85 -19.099528 65
86 -25.841304 64
87 -17.978201 64
88 -13.281979 63
89 -29.346240 64
90 -22.922384 64
91 -17.223192 64
92 -33.959343 64
93 -12.508091 63
94 -26.751964 65
95 -25.645010 64
96 -13.418167 63
97 -20.360644 64
98 -11.856445 63
99 -3.950633 64
100 -24.042613 64
101 -27.625977 63
102 -17.437578 64
103 -11.481088 63
104 -30.323100 64
105 -19.341408 65
106 -15.345072 63
107 -34.904472 63
108 -10.038586 64
109 -28.093697 65
110 -28.040455 64
111 -14.202610 64
112 -23.035276 64
113 -12.228950 64
114 -5.006010 63
115 -26.908524 64
116 -27.303288 64
117 -17.771830 63
118 -8.541146 64
119 -31.173472 64
120 -19.512949 64
121 -12.225422 63
122 -33.646655 64
123 -9.373969 63
124 -29.229894 65
125 -30.109522 64
126 -15.974447 64
127 -25.672852 64
128 -13.582168 64
129 -5.032958 63
130 -27.719158 65
131 -27.886213 64
132 -16.996684 63
133 -6.474271 64
134 -31.918150 64
135 -17.460756 64
136 -8.886632 63
137 -33.218235 64
138 -7.527207 63
139 -30.176347 65
140 -31.791326 64
