0 4.000000 86
1 -17.734985 85
2 -26.358559 86
3 -12.864677 86
4 -4.014977 85
5 -33.203577 84
6 1.638666 86
7 -0.048064 86
8 1.305094 86
9 -0.575939 85
10 -3.139513 85
11 -19.809289 85
12 -18.676291 85
13 -18.309190 85
14 -22.014510 84
15 -26.222720 86
16 -25.854562 86
17 -28.323434 86
18 -15.671820 85
19 -16.329886 86
20 -9.838374 84
21 -2.602065 85
22 -3.582349 86
23 -0.736034 86
24 -1.808481 85
25 -7.355103 85
26 -19.437680 86
27 -18.834451 85
28 -15.716273 86
29 -24.287863 84
30 -27.500835 85
31 -24.367309 86
32 -29.483996 86
33 -15.357484 85
34 -20.934040 85
35 -13.768003 84
36 -4.744831 85
37 -6.901507 86
38 -2.625611 86
39 -2.693580 85
40 -12.192698 84
41 -20.855790 86
42 -18.826328 85
43 -16.764374 85
44 -26.205132 84
45 -24.611284 86
46 -22.494356 86
47 -30.396391 86
48 -14.751901 85
49 -23.263293 85
50 -17.401000 84
51 -6.759656 85
52 -9.989829 86
53 -4.331211 86
54 -3.254685 85
55 -15.648412 84
56 -24.040189 85
57 -18.633335 85
58 -15.468662 85
59 -27.741631 84
60 -25.524709 85
61 -22.286123 85
62 -33.002061 85
63 -13.836824 85
64 -25.247511 85
65 -20.692942 84
66 -6.679625 86
67 -12.881922 86
68 -5.881263 86
69 -3.570251 85
70 -18.812255 84
71 -25.034890 85
72 -18.290556 85
73 -13.917935 85
74 -27.985561 85
75 -24.274798 85
76 -17.813024 86
77 -34.327619 84
78 -12.669837 85
79 -27.917273 84
80 -23.650191 84
81 -8.550117 86
82 -15.675039 86
83 -7.352174 86
84 -3.764854 85
85 -21.830733 84
86 -23.917556 86
87 -17.854743 85
88 -10.228336 86
89 -30.075874 84
90 -22.888418 85
91 -15.155260 86
92 -33.473180 85
93 -11.356244 85
94 -29.409435 84
95 -25.349198 85
96 -12.377450 85
97 -18.405667 86
98 -8.767706 86
99 -3.884921 85
100 -24.762463 84
101 -26.699871 85
102 -17.315044 85
103 -8.419254 86
104 -31.041682 84
105 -21.298038 85
106 -14.282958 85
107 -34.440262 84
108 -7.892226 86
109 -30.734102 84
110 -27.740500 85
111 -14.156743 85
112 -21.077596 86
113 -10.128288 86
114 -3.934082 85
115 -27.615402 84
116 -27.373775 85
117 -16.649148 85
118 -8.472844 85
119 -30.878637 85
120 -19.455945 85
121 -11.175170 85
122 -34.222085 84
123 -6.243003 86
124 -30.857365 85
125 -30.803386 84
126 -15.920854 85
127 -23.712283 86
128 -11.470078 86
129 -3.954196 85
130 -30.412635 84
131 -25.952811 86
132 -15.876718 85
133 -4.398348 86
134 -32.611113 84
135 -17.378896 85
136 -7.828345 85
137 -33.841040 84
138 -6.415094 85
139 -32.800798 84
140 -32.479425 84
