0 8.000000 51
1 -11.720700 51
2 -28.072891 49
3 -12.852412 50
4 -4.019434 49
5 -26.250604 51
6 5.654616 51
7 0.086852 50
8 5.420951 51
9 -0.548513 49
10 2.703348 51
11 -17.644492 50
12 -16.589492 50
13 -16.267290 50
14 -15.072479 51
15 -28.002637 49
16 -27.665536 49
17 -30.435308 49
18 -13.704221 50
19 -16.459891 50
20 -10.043339 48
21 -0.572273 50
22 -3.362841 50
23 -0.622439 50
24 0.194273 50
25 -1.541096 51
26 -21.209369 49
27 -16.782449 50
28 -15.679083 50
29 -17.411444 51
30 -28.307140 48
31 -26.232967 49
32 -29.694491 50
33 -13.468033 50
34 -21.132696 49
35 -13.994118 48
36 -2.714187 50
37 -8.663807 49
38 -2.533062 50
39 -0.686549 50
40 -5.347958 51
41 -22.594406 49
42 -16.790574 50
43 -14.694174 50
44 -23.333708 50
45 -26.431893 49
46 -24.391533 49
47 -30.565400 50
48 -12.885014 50
49 -23.457401 49
50 -17.584826 48
51 -4.734638 50
52 -11.752840 49
53 -4.258997 50
54 -3.230393 49
55 -8.755896 51
56 -23.752091 49
57 -16.608334 50
58 -15.392651 49
59 -24.854867 50
60 -25.355552 49
61 -20.168083 50
62 -27.134434 51
63 -13.982681 49
64 -25.434205 49
65 -20.831907 48
66 -6.657361 50
67 -14.639475 49
68 -5.822476 50
69 -3.541738 49
70 -11.891745 51
71 -22.730553 50
72 -16.265047 50
73 -13.850521 49
74 -22.085693 51
75 -24.120983 49
76 -19.674416 49
77 -27.448447 51
78 -13.816106 48
79 -25.104026 50
80 -22.759368 49
81 -8.527908 50
82 -17.423696 49
83 -7.302821 50
84 -3.737543 49
85 -14.896733 51
86 -25.605919 49
87 -17.822056 49
88 -13.172627 48
89 -23.166229 51
90 -22.757587 49
91 -17.007137 49
92 -27.592219 51
93 -11.496950 49
94 -28.596151 49
95 -25.436748 49
96 -10.354549 50
97 -21.145006 48
98 -8.726617 50
99 -3.861838 49
100 -21.821568 50
101 -24.386582 50
102 -15.272008 50
103 -11.379626 48
104 -24.123592 51
105 -21.194792 49
106 -14.138157 49
107 -31.549898 50
108 -11.018189 48
109 -27.920470 50
110 -25.798680 50
111 -12.134778 50
112 -22.808104 49
113 -10.097495 50
114 -3.920677 49
115 -20.670367 51
116 -27.060364 49
117 -14.601460 50
118 -8.456910 49
119 -24.950700 51
120 -17.382274 50
121 -11.043077 49
122 -27.313929 51
123 -9.342004 48
124 -29.035144 50
125 -27.837737 50
126 -13.903583 50
127 -25.434836 49
128 -11.450395 50
129 -3.951854 49
130 -27.463928 50
131 -27.640800 49
132 -13.832115 50
133 -6.407348 49
134 -25.676039 51
135 -15.348336 50
136 -7.753445 49
137 -30.914482 50
138 -7.485945 48
139 -29.955773 50
140 -29.518381 50
