0 4.000000 78
1 -15.742877 78
2 -26.424676 78
3 -12.832022 78
4 -3.978660 77
5 -26.344650 79
6 1.645949 78
7 -0.066524 78
8 1.327709 78
9 1.443208 78
10 -1.160879 78
11 -13.822545 79
12 -16.672118 78
13 -16.311602 78
14 -15.040346 79
15 -26.263771 78
16 -25.928363 78
17 -28.485485 78
18 -13.641515 78
19 -18.384693 77
20 -8.819187 77
21 -0.596943 78
22 -3.606363 78
23 -2.700246 77
24 4.226067 79
25 -5.399196 78
26 -15.468055 79
27 -18.821726 77
28 -11.713165 79
29 -17.340314 79
30 -25.534372 78
31 -24.427308 78
32 -25.693311 79
33 -13.313822 78
34 -21.006548 77
35 -12.753296 77
36 -2.741433 78
37 -6.939773 78
38 -4.584526 77
39 -0.658849 78
40 -5.252796 79
41 -16.899166 79
42 -16.811326 78
43 -14.744711 78
44 -23.276066 78
45 -24.637230 78
46 -22.552794 78
47 -26.611704 79
48 -12.694937 78
49 -23.343772 77
50 -14.405682 78
51 -0.757468 79
52 -10.039030 78
53 -6.290957 77
54 -1.221203 78
55 -8.715147 79
56 -18.091077 79
57 -18.618086 77
58 -15.444311 77
59 -24.824841 78
60 -23.544754 78
61 -20.351073 78
62 -27.220119 79
63 -11.780835 78
64 -26.342744 76
65 -17.719080 78
66 -2.678547 79
67 -12.937243 78
68 -7.842737 77
69 -1.536272 78
70 -11.884891 79
71 -23.089023 78
72 -18.273843 77
73 -11.891754 78
74 -22.077898 79
75 -22.289844 78
76 -17.880691 78
77 -27.547989 79
78 -12.617257 77
79 -27.028609 77
80 -22.693219 77
81 -4.549649 79
82 -15.734144 78
83 -9.315211 77
84 -1.729928 78
85 -14.912961 79
86 -23.973758 78
87 -17.836103 77
88 -10.199507 78
89 -23.177763 79
90 -20.899392 78
91 -15.218373 78
92 -27.693457 79
93 -9.306433 78
94 -28.535400 77
95 -23.410231 78
96 -10.377533 78
97 -18.467305 78
98 -10.731937 77
99 -3.849139 77
100 -17.856594 79
101 -20.757945 79
102 -17.294457 77
103 -8.387594 78
104 -24.155188 79
105 -21.303744 77
106 -12.331653 78
107 -27.652159 79
108 -9.844643 77
109 -27.870993 78
110 -25.822179 78
111 -12.158165 78
112 -21.141122 78
113 -12.093535 77
114 -1.898284 78
115 -20.722905 79
116 -25.434454 78
117 -16.627960 77
118 -6.439648 78
119 -25.004442 79
120 -17.453443 78
121 -9.196461 78
122 -27.417615 79
123 -8.198984 77
124 -29.001409 78
125 -29.907813 77
126 -13.925591 78
127 -23.777322 78
128 -11.436336 78
129 -1.918503 78
130 -23.535329 79
131 -22.017702 79
132 -15.855776 77
133 -6.366692 77
134 -25.747657 79
135 -15.364917 78
136 -5.820402 78
137 -27.017129 79
138 -4.374468 78
139 -25.954218 79
140 -29.589838 78
