0 8.000000 157
1 -15.795645 156
2 -26.441609 156
3 -12.870372 156
4 -2.177796 156
5 -26.351682 157
6 1.615665 156
7 -0.033220 156
8 1.346204 156
9 1.456843 156
10 -1.149408 156
11 -17.836168 156
12 -16.616228 156
13 -16.369155 156
14 -19.078455 156
15 -28.283332 155
16 -21.952167 157
17 -30.491474 155
18 -13.681888 156
19 -18.469429 155
20 -6.974572 156
21 -0.620536 156
22 -3.588831 156
23 -0.717255 156
24 0.205951 156
25 -5.426081 156
26 -19.460692 156
27 -16.778929 156
28 -11.778777 157
29 -21.374642 156
30 -27.549723 155
31 -24.478129 156
32 -31.686507 155
33 -13.378057 156
34 -21.137306 155
35 -10.912370 156
36 -2.758042 156
37 -6.914479 156
38 -2.613250 156
39 -0.722276 156
40 -5.300458 157
41 -16.881138 157
42 -16.786354 156
43 -10.804585 157
44 -23.311901 156
45 -24.651260 156
46 -22.628794 156
47 -32.619728 155
48 -12.761886 156
49 -21.482217 156
50 -14.554901 156
51 -4.775428 156
52 -10.009769 156
53 -6.314407 155
54 -1.314659 156
55 -8.764373 157
56 -22.066838 156
57 -16.603396 156
58 -9.500469 157
59 -24.869962 156
60 -25.558533 155
61 -22.418983 155
62 -33.233551 155
63 -7.842945 157
64 -23.452534 156
65 -17.832580 156
66 -6.701476 156
67 -12.913944 156
68 -7.864968 155
69 -1.649900 156
70 -11.928327 157
71 -23.067303 156
72 -16.266819 156
73 -11.943186 156
74 -26.130797 156
75 -22.298569 156
76 -19.935484 155
77 -31.565722 156
78 -6.681773 157
79 -25.116500 156
80 -20.787756 156
81 -8.578222 156
82 -11.720384 157
83 -7.339663 156
84 -1.862714 156
85 -18.947776 156
86 -23.958578 156
87 -15.836771 156
88 -10.252070 156
89 -27.230099 156
90 -22.902269 155
91 -17.274437 155
92 -31.716902 156
93 -5.379769 157
94 -26.602319 156
95 -23.508707 156
96 -10.411949 156
97 -18.463335 156
98 -8.760462 156
99 -2.001307 156
100 -17.882925 157
101 -20.747319 157
102 -15.305748 156
103 -8.451487 156
104 -28.200560 156
105 -19.307003 156
106 -14.413010 155
107 -31.685021 156
108 -7.931332 156
109 -23.915947 157
110 -25.943469 156
111 -12.198149 156
112 -21.144395 156
113 -10.125893 156
114 -2.068675 156
115 -20.740984 157
116 -21.422912 157
117 -14.650277 156
118 -6.524691 156
119 -25.037930 157
120 -19.470396 155
121 -12.321127 154
122 -27.456530 157
123 -2.304664 157
124 -25.034484 157
125 -28.032580 156
126 -13.970648 156
127 -23.785832 156
128 -13.472089 155
129 -2.104216 156
130 -23.545884 157
131 -26.002581 156
132 -13.887755 156
133 -4.486415 156
134 -25.764596 157
135 -17.388936 155
136 -7.983638 155
137 -31.043755 156
138 -4.520390 156
139 -25.979150 157
140 -29.708254 156
