0 8.000000 100
1 -11.798040 100
2 -26.436359 99
3 -12.815959 99
4 2.126252 100
5 -26.198190 100
6 1.617472 99
7 3.939801 100
8 1.347777 99
9 1.512817 99
10 2.843361 100
11 -17.865030 99
12 -16.675322 99
13 -12.299120 100
14 -15.067594 100
15 -22.281911 100
16 -25.855433 99
17 -24.359808 100
18 -13.594259 99
19 -16.334548 99
20 -6.697388 99
21 3.361766 100
22 -3.613191 99
23 -0.698954 99
24 0.294898 99
25 -1.372553 100
26 -15.494137 100
27 -16.810029 99
28 -15.663492 99
29 -17.323115 100
30 -21.538876 100
31 -26.320862 98
32 -25.487537 100
33 -15.259687 98
34 -18.957064 99
35 -10.664950 99
36 -2.787359 99
37 -6.945705 99
38 -2.584216 99
39 -0.584255 99
40 -5.212491 100
41 -16.916120 100
42 -16.787451 99
43 -14.675480 99
44 -19.226534 100
45 -24.634147 99
46 -22.428987 99
47 -26.383252 100
48 -14.633563 98
49 -17.288998 100
50 -14.318119 99
51 -4.806868 99
52 -10.043988 99
53 -4.283052 99
54 -1.138236 99
55 -8.665834 100
56 -22.100805 99
57 -12.588900 100
58 -13.355201 99
59 -20.755682 100
60 -23.539725 99
61 -22.205124 98
62 -30.978927 99
63 -13.704099 98
64 -19.265524 100
65 -17.608817 99
66 -6.730131 99
67 -12.942254 99
68 -5.830606 99
69 -1.449354 99
70 -11.824650 100
71 -19.095801 100
72 -16.246085 99
73 -13.786433 98
74 -21.995513 100
75 -18.286158 100
76 -20.718285 97
77 -31.301872 99
78 -12.529125 98
79 -20.928018 100
80 -23.560349 97
81 -8.603109 99
82 -15.740692 99
83 -7.301073 99
84 -1.639993 99
85 -14.838244 100
86 -19.980239 100
87 -11.812183 100
88 -10.084786 99
89 -23.081436 100
90 -20.897130 99
91 -15.050244 99
92 -31.449107 99
93 -9.210105 99
94 -22.412334 100
95 -23.260721 99
96 -6.432440 100
97 -14.476167 100
98 -8.716533 99
99 -1.755745 99
100 -17.765512 100
101 -24.764217 99
102 -15.275284 99
103 -10.269258 98
104 -24.042962 100
105 -19.301715 99
106 -14.171312 98
107 -31.421885 99
108 -7.741536 99
109 -23.724735 100
110 -25.663596 99
111 -8.213297 100
112 -17.151108 100
113 -10.076566 99
114 -1.800550 99
115 -20.614157 100
116 -25.438359 99
117 -10.611045 100
118 -6.322537 99
119 -24.876137 100
120 -17.448756 99
121 -5.061588 100
122 -27.212057 100
123 -6.090336 99
124 -24.842332 100
125 -27.736331 99
126 -9.979752 100
127 -19.787508 100
128 -11.418957 99
129 -1.816464 99
130 -23.407743 100
131 -26.017392 99
132 -13.837733 99
133 -4.254190 99
134 -25.607190 100
135 -15.343940 99
136 -5.704104 99
137 -26.835174 100
138 -4.267050 99
139 -29.794041 99
140 -25.437285 100
