0 8.000000 93
1 -15.759873 92
2 -22.381765 93
3 -12.830161 92
4 10.057877 94
5 -30.232964 92
6 1.627524 92
7 -0.046635 92
8 1.334385 92
9 5.473165 93
10 -1.211732 92
11 -17.819280 92
12 -16.672819 92
13 -12.303021 93
14 -19.080010 92
15 -26.228780 92
16 -25.810137 92
17 -24.359027 93
18 -15.626088 91
19 -18.372816 91
20 -6.844096 92
21 3.378642 93
22 -3.591364 92
23 3.294518 93
24 4.239860 93
25 -5.433541 92
26 -15.447494 93
27 -16.821735 92
28 -11.688142 93
29 -21.360551 92
30 -21.494717 93
31 -24.299247 92
32 -29.505455 92
33 -13.296589 92
34 -20.998367 91
35 -10.799875 92
36 1.233362 93
37 -6.918550 92
38 -2.593388 92
39 3.356896 93
40 -5.267365 93
41 -16.873852 93
42 -16.808663 92
43 -10.712413 93
44 -25.272391 91
45 -20.597069 93
46 -22.427179 92
47 -30.410470 92
48 -12.671959 92
49 -23.333548 91
50 -14.440658 92
51 -4.783146 92
52 -10.013511 92
53 -0.295785 93
54 2.798425 93
55 -12.717775 92
56 -18.059934 93
57 -16.613133 92
58 -13.402727 92
59 -26.804050 91
60 -23.507601 92
61 -20.218310 92
62 -31.007981 92
63 -11.744152 92
64 -25.315425 91
65 -17.727171 92
66 -6.703814 92
67 -12.908488 92
68 -5.844539 92
69 2.485543 93
70 -17.875732 91
71 -19.053787 93
72 -16.269158 92
73 -11.843378 92
74 -26.042343 92
75 -22.258109 92
76 -17.741969 92
77 -31.329395 92
78 -10.570170 92
79 -26.980217 91
80 -16.677307 93
81 -8.574448 92
82 -15.702761 92
83 -7.315301 92
84 10.293870 94
85 -18.887974 92
86 -19.936244 93
87 -15.832571 92
88 -6.148474 93
89 -27.126159 92
90 -16.872319 93
91 -15.080812 92
92 -33.474312 91
93 -9.252382 92
94 -29.464764 90
95 -23.373916 92
96 -10.401485 92
97 -18.433701 92
98 -8.731152 92
99 2.177340 93
100 -21.813101 92
101 -20.718570 93
102 -15.292544 92
103 -4.337549 93
104 -28.085600 92
105 -19.279074 92
106 -8.206887 93
107 -31.445771 92
108 -7.785863 92
109 -29.777124 91
110 -25.767533 92
111 -8.180073 93
112 -21.104505 92
113 -10.091789 92
114 10.131589 94
115 -24.659046 92
116 -25.391718 92
117 -14.626720 92
118 -2.394280 93
119 -28.917087 92
120 -17.427888 92
121 -9.102619 92
122 -31.235941 92
123 -6.138652 92
124 -30.891897 91
125 -27.830407 92
126 -13.944213 92
127 -23.736897 92
128 -7.433995 93
129 10.114964 94
130 -27.448638 92
131 -21.969042 93
132 -13.853809 92
133 -0.326046 93
134 -31.646023 91
135 -15.333525 92
136 -1.755014 93
137 -30.862733 92
138 -4.319946 92
139 -31.835995 91
140 -29.510895 92
