0 4.000000 164
1 -15.792961 164
2 -26.456981 164
3 -14.894690 163
4 -4.205492 163
5 -32.367157 163
6 1.613896 164
7 -0.033943 164
8 1.327718 164
9 1.430682 164
10 -1.150316 164
11 -17.843835 164
12 -16.637421 164
13 -18.366901 163
14 -21.086542 163
15 -29.292389 162
16 -27.964364 163
17 -30.489317 163
18 -16.691739 162
19 -18.469529 163
20 -9.981238 162
21 -0.619682 164
22 -3.598023 164
23 -2.731046 163
24 -1.820886 163
25 -5.424166 164
26 -19.474866 164
27 -16.803774 164
28 -17.774336 163
29 -23.379689 163
30 -27.553742 163
31 -26.490331 163
32 -31.674394 163
33 -16.381562 162
34 -19.114841 164
35 -13.911172 162
36 -2.753496 164
37 -6.924945 164
38 -4.628288 163
39 -2.746887 163
40 -9.302006 164
41 -20.895901 164
42 -18.811984 163
43 -16.803800 163
44 -25.318600 163
45 -27.650609 162
46 -24.641462 163
47 -32.607129 163
48 -15.759314 162
49 -23.446177 163
50 -16.548288 163
51 -4.769174 164
52 -10.020527 164
53 -6.332642 163
54 -3.339452 163
55 -12.767425 164
56 -24.080930 163
57 -16.627534 164
58 -15.506076 163
59 -26.879283 163
60 -26.553763 162
61 -22.432809 163
62 -33.228214 163
63 -14.838946 162
64 -25.414112 163
65 -20.819833 162
66 -6.694923 164
67 -12.924574 164
68 -7.884651 163
69 -3.673941 163
70 -17.932430 163
71 -25.080643 163
72 -16.289724 164
73 -13.951251 163
74 -28.142021 163
75 -25.290212 162
76 -20.952537 162
77 -33.566828 163
78 -13.677404 162
79 -27.082327 163
80 -23.772030 162
81 -8.571887 164
82 -17.731244 163
83 -9.360087 163
84 -3.886368 163
85 -18.954279 164
86 -25.971492 163
87 -15.858911 164
88 -12.260468 163
89 -30.243382 162
90 -23.891375 162
91 -18.296267 162
92 -33.722740 163
93 -12.375521 162
94 -26.574623 164
95 -25.494044 163
96 -10.406217 164
97 -20.475058 163
98 -10.781836 163
99 -4.025439 163
100 -23.892379 163
101 -26.760143 163
102 -17.328004 163
103 -10.459924 163
104 -30.216109 163
105 -22.297633 162
106 -15.440561 162
107 -33.695087 163
108 -10.929105 162
109 -30.897189 162
110 -27.932355 163
111 -12.193632 164
112 -23.157478 163
113 -12.148283 163
114 -4.094115 163
115 -26.753328 163
116 -27.435867 163
117 -16.673384 163
118 -8.534755 163
119 -32.054817 162
120 -19.468170 163
121 -11.353409 163
122 -33.469004 163
123 -9.309130 162
124 -31.027710 163
125 -28.027266 164
126 -13.967372 164
127 -23.800225 164
128 -13.495472 163
129 -4.131017 163
130 -27.560380 164
131 -26.015707 164
132 -13.911647 164
133 -6.501451 163
134 -31.780484 163
135 -15.398351 164
136 -8.015884 163
137 -33.054955 163
138 -7.535347 162
139 -29.986396 164
140 -29.718276 164
