0 16.000000 172
1 -15.807670 170
2 -22.458573 171
3 -12.931565 170
4 -2.258926 170
5 -30.419772 170
6 5.598662 171
7 3.969810 171
8 5.304932 171
9 1.427022 170
10 2.841360 171
11 -13.841771 171
12 -16.673893 170
13 -16.387878 170
14 -19.104705 170
15 -22.314946 171
16 -21.984551 171
17 -28.496864 170
18 -13.731955 170
19 -16.516721 170
20 -7.051356 170
21 3.364950 171
22 0.400854 171
23 3.241219 171
24 0.165517 170
25 -5.448215 170
26 -15.477085 171
27 -16.844929 170
28 -15.799122 170
29 -21.408418 170
30 -21.577436 171
31 -20.517947 171
32 -29.699750 170
33 -13.417764 170
34 -21.165777 169
35 -10.989471 170
36 1.231517 171
37 -2.925251 171
38 1.341946 171
39 -0.770681 170
40 -9.338397 170
41 -16.896386 171
42 -16.855641 170
43 -16.835629 169
44 -19.355490 171
45 -20.672608 171
46 -22.678670 170
47 -30.642521 170
48 -12.799394 170
49 -23.500563 169
50 -14.635428 170
51 -0.784603 171
52 -6.018408 171
53 -0.363669 171
54 -1.371785 170
55 -12.807602 170
56 -18.079206 171
57 -16.672391 170
58 -15.541413 169
59 -24.918213 170
60 -19.574847 171
61 -20.474128 170
62 -31.265746 170
63 -11.881701 170
64 -25.475665 169
65 -17.908576 170
66 -2.710882 171
67 -8.920842 171
68 -5.916816 170
69 -1.711580 170
70 -15.974688 170
71 -19.078355 171
72 -16.334945 170
73 -11.988904 170
74 -26.181895 170
75 -18.311611 171
76 -17.994153 170
77 -31.606000 170
78 -10.722154 170
79 -27.148961 169
80 -20.857493 170
81 -4.588009 171
82 -11.727269 171
83 -7.393379 170
84 -1.928038 170
85 -18.998528 170
86 -19.969123 171
87 -15.904061 170
88 -10.300787 170
89 -23.285251 171
90 -16.913438 171
91 -17.337098 169
92 -27.764285 171
93 -9.422075 170
94 -28.643759 169
95 -23.574371 170
96 -10.422108 170
97 -14.471873 171
98 -8.816499 170
99 -2.070567 170
100 -21.938718 170
101 -20.757439 171
102 -15.372642 170
103 -10.503214 169
104 -28.260639 170
105 -15.319910 171
106 -14.479215 169
107 -31.739739 170
108 -7.978185 170
109 -29.966164 169
110 -26.004805 170
111 -8.209098 171
112 -17.155856 171
113 -10.184505 170
114 -2.142410 170
115 -24.801887 170
116 -21.432546 171
117 -14.716197 170
118 -6.581194 170
119 -29.102381 170
120 -13.490407 171
121 -11.388327 169
122 -27.517008 171
123 -6.361161 170
124 -32.094116 168
125 -28.089769 170
126 -9.982377 171
127 -19.800207 171
128 -11.532611 170
129 -2.182178 170
130 -27.611017 170
131 -22.012195 171
132 -9.950940 171
133 -6.551588 169
134 -31.830191 169
135 -15.423835 170
136 -8.055244 169
137 -31.105450 170
138 -6.590056 169
139 -32.048162 169
140 -29.772834 170
