0 4.000000 177
1 -15.800907 177
2 -26.456703 177
3 -8.942709 178
4 -2.287265 177
5 -30.461913 177
6 5.606479 178
7 3.978005 178
8 1.302187 177
9 1.433247 177
10 2.824886 178
11 -17.814831 177
12 -12.668529 178
13 -12.391768 178
14 -19.106554 177
15 -22.319348 178
16 -26.016362 177
17 -24.498013 178
18 -13.742338 177
19 -16.523096 177
20 -9.071246 176
21 -0.626294 177
22 -3.584580 177
23 3.233833 178
24 0.166004 177
25 -5.468616 177
26 -19.446130 177
27 -12.846347 178
28 -15.805849 177
29 -21.418849 177
30 -25.591383 177
31 -24.559111 177
32 -25.704860 178
33 -13.438364 177
34 -19.183129 177
35 -14.009465 175
36 -2.759057 177
37 -6.913559 177
38 -2.665017 177
39 -0.778367 177
40 -5.362976 178
41 -20.867077 177
42 -12.860603 178
43 -14.845702 177
44 -23.377413 177
45 -20.689152 178
46 -18.730886 178
47 -30.656685 177
48 -12.827140 177
49 -17.522240 178
50 -14.657277 177
51 -4.775116 177
52 -10.009346 177
53 -0.369052 178
54 -1.383891 177
55 -12.836551 177
56 -18.053331 178
57 -12.677469 178
58 -13.555581 177
59 -24.947822 177
60 -19.591166 178
61 -16.530999 178
62 -27.288820 178
63 -11.913952 177
64 -19.500470 178
65 -17.936243 177
66 -6.701318 177
67 -8.913140 178
68 -5.922200 177
69 -1.726102 177
70 -16.006704 177
71 -23.056538 177
72 -12.339844 178
73 -12.005637 177
74 -22.216018 178
75 -18.326992 178
76 -14.051358 178
77 -31.636164 177
78 -10.757856 177
79 -21.178364 178
80 -16.890472 178
81 -8.578480 177
82 -11.720746 178
83 -7.399614 177
84 2.054909 178
85 -19.033029 177
86 -23.951116 177
87 -11.909165 178
88 -10.319046 177
89 -23.322641 178
90 -16.927266 178
91 -15.392279 177
92 -31.800221 177
93 -9.460502 177
94 -26.678296 177
95 -19.611975 178
96 -6.412863 178
97 -18.466671 177
98 -8.823826 177
99 -2.090369 177
100 -21.975254 177
101 -20.742942 178
102 -15.378725 177
103 -8.522606 177
104 -28.300882 177
105 -19.331202 177
106 -8.530314 178
107 -31.779895 177
108 -8.018272 177
109 -28.005158 177
110 -26.047690 177
111 -12.200728 177
112 -21.151946 177
113 -10.193313 177
114 -2.165432 177
115 -24.840151 177
116 -21.420962 178
117 -10.724348 178
118 -6.601177 177
119 -29.145202 177
120 -17.497425 177
121 -9.433257 177
122 -31.558969 177
123 -6.401914 177
124 -25.136123 178
125 -28.137666 177
126 -13.974999 177
127 -19.797266 178
128 -11.542857 177
129 -2.208194 177
130 -27.651060 177
131 -22.003942 178
132 -9.961853 178
133 -0.572963 178
134 -29.874987 177
135 -15.429229 177
136 -8.093240 176
137 -31.147889 177
138 -4.628661 177
139 -26.092027 178
140 -29.822696 177
