0 4.000000 114
1 -11.814186 115
2 -26.454754 114
3 -12.775692 114
4 -1.946149 114
5 -33.238553 112
6 1.601813 114
7 -2.056750 113
8 5.398648 115
9 5.482386 115
10 2.811855 115
11 -17.858058 114
12 -16.619433 114
13 -12.343413 115
14 -21.098785 113
15 -26.260587 114
16 -27.906516 113
17 -31.428785 112
18 -13.568129 114
19 -16.334592 114
20 -6.739463 114
21 -0.653015 114
22 -3.613394 114
23 -0.644471 114
24 0.257365 114
25 -5.415072 114
26 -19.482079 114
27 -12.762891 115
28 -11.728434 115
29 -24.369973 112
30 -25.508469 114
31 -26.397933 113
32 -32.567908 112
33 -15.240471 113
34 -21.971823 112
35 -13.696142 112
36 -2.800669 114
37 -8.949155 113
38 -2.529707 114
39 -0.630031 114
40 -11.257833 113
41 -20.909718 114
42 -16.750276 114
43 -10.745084 115
44 -25.281473 113
45 -26.597591 113
46 -24.522877 113
47 -33.465279 112
48 -12.615315 114
49 -24.309673 112
50 -16.354094 113
51 -4.819643 114
52 -12.051329 113
53 -4.229507 114
54 -1.190240 114
55 -14.703606 113
56 -22.100904 114
57 -16.554598 114
58 -9.427555 115
59 -26.816877 113
60 -25.496655 113
61 -22.307155 113
62 -34.062560 112
63 -13.689895 113
64 -26.289115 112
65 -20.646730 112
66 -6.742236 114
67 -12.953583 114
68 -5.779443 114
69 -1.505348 114
70 -17.855939 113
71 -23.101538 114
72 -16.211693 114
73 -7.859714 115
74 -28.059745 113
75 -22.233440 114
76 -19.823476 113
77 -34.388517 112
78 -10.520246 114
79 -27.956616 112
80 -23.601311 112
81 -8.614898 114
82 -15.754385 114
83 -9.252485 113
84 -1.700319 114
85 -20.867313 113
86 -23.990427 114
87 -15.777023 114
88 -10.156959 114
89 -30.146136 112
90 -20.835988 114
91 -17.156324 113
92 -34.539068 112
93 -9.206510 114
94 -29.446370 112
95 -26.310617 112
96 -10.444313 114
97 -20.491238 113
98 -8.670872 114
99 -1.820328 114
100 -23.794654 113
101 -24.777349 114
102 -15.238957 114
103 -4.338187 115
104 -30.106252 113
105 -19.238191 114
106 -14.275199 113
107 -33.514508 113
108 -7.741395 114
109 -30.762399 112
110 -28.728585 112
111 -8.225712 115
112 -23.166695 113
113 -10.034103 114
114 -1.868388 114
115 -26.644619 113
116 -25.452181 114
117 -14.573653 114
118 -6.386122 114
119 -30.938006 113
120 -17.390114 114
121 -11.155197 113
122 -33.301254 113
123 -6.093449 114
124 -31.878608 112
125 -29.811130 113
126 -13.993442 114
127 -25.803788 113
128 -13.378816 113
129 -1.886790 114
130 -29.441531 113
131 -26.031028 114
132 -13.801851 114
133 -4.313903 114
134 -31.666593 113
135 -15.297129 114
136 -7.787846 113
137 -32.909580 113
138 -4.285340 114
139 -32.827913 112
140 -32.498767 112
