0 16.000000 44
1 -3.684285 44
2 -14.179904 44
3 -12.959888 42
4 1.867989 43
5 -32.253894 41
6 13.655784 44
7 12.025239 44
8 5.346816 43
9 5.348135 43
10 2.756324 43
11 -5.670082 44
12 -12.644906 43
13 -12.391289 43
14 -15.075913 43
15 -22.158038 43
16 -21.908947 43
17 -24.464107 43
18 -9.889845 43
19 -19.549412 40
20 -7.011171 42
21 11.427985 44
22 0.538985 43
23 3.266488 43
24 4.068362 43
25 -5.474205 42
26 -7.276401 44
27 -12.875822 43
28 -11.876913 43
29 -17.445941 43
30 -25.467365 42
31 -20.471868 43
32 -25.700134 43
33 -9.621317 43
34 -22.211308 40
35 -10.929149 42
36 9.291584 44
37 5.229083 44
38 1.337476 43
39 3.171798 43
40 -9.272392 42
41 -8.674259 44
42 -12.901201 43
43 -10.939621 43
44 -23.328130 42
45 -24.585337 42
46 -18.603987 43
47 -30.573604 42
48 -9.057454 43
49 -24.547303 40
50 -14.528517 42
51 -0.720297 43
52 2.140184 44
53 -4.386520 42
54 2.628517 43
55 -14.693339 41
56 -17.831233 43
57 -12.727972 43
58 -1.644152 44
59 -26.840280 41
60 -23.500042 42
61 -16.371120 43
62 -31.144988 42
63 -8.160626 43
64 -26.526807 40
65 -17.785016 42
66 5.363867 44
67 -0.744350 44
68 -5.944114 42
69 2.323038 43
70 -17.843048 41
71 -10.807610 44
72 -12.386645 43
73 -8.086449 43
74 -26.072749 42
75 -22.257068 42
76 -13.875914 43
77 -33.459143 41
78 -6.992392 43
79 -28.189547 40
80 -20.724343 42
81 3.498364 44
82 -3.526699 44
83 -3.418884 43
84 2.132448 43
85 -21.859633 40
86 -19.681654 43
87 -11.942669 43
88 -6.388560 43
89 -27.158395 42
90 -22.883441 41
91 -11.199707 43
92 -33.599947 41
93 -5.673212 43
94 -29.676981 40
95 -23.422961 42
96 1.675945 44
97 -14.247547 43
98 -4.837667 43
99 2.012064 43
100 -23.794618 41
101 -20.460082 43
102 -11.390546 43
103 -4.569594 43
104 -28.121432 42
105 -21.308869 41
106 -8.307633 43
107 -33.551695 41
108 -4.197460 43
109 -30.999108 40
110 -25.810322 42
111 -0.101272 44
112 -8.911277 44
113 -6.206138 43
114 1.957116 43
115 -26.652394 41
116 -13.129689 44
117 -10.722056 43
118 -2.617056 43
119 -24.952924 43
120 -19.480372 41
121 -5.182017 43
122 -33.314496 41
123 -2.520052 43
124 -32.117336 40
125 -27.872433 42
126 -1.868608 44
127 -11.539563 44
128 -11.558434 42
129 1.930457 43
130 -27.455139 42
131 -21.707839 43
132 -13.952308 42
133 -0.544614 43
134 -29.682205 42
135 -15.430599 42
136 -1.877395 43
137 -32.919128 41
138 -0.642831 43
139 -33.034810 40
140 -29.587679 42
