0 4.000000 22
1 -15.609331 22
2 -25.928227 22
3 -15.151109 21
4 -3.728413 21
5 -26.911131 23
6 -0.308444 21
7 -1.932074 21
8 -0.818096 21
9 -0.271390 21
10 -1.526987 22
11 -19.516805 21
12 -18.533916 21
13 -19.093940 20
14 -19.265496 22
15 -26.013791 22
16 -28.501585 20
17 -28.548599 22
18 -15.727964 21
19 -20.150134 20
20 -9.859016 20
21 -2.510277 21
22 -5.349360 21
23 -2.989092 21
24 -1.455181 21
25 -1.966514 23
26 -19.040091 22
27 -18.844183 21
28 -18.437290 20
29 -17.925223 23
30 -27.415303 21
31 -27.049138 20
32 -30.017221 22
33 -15.533839 21
34 -22.023889 21
35 -12.971750 21
36 -2.618382 22
37 -6.614597 22
38 -4.910060 21
39 -2.318655 21
40 -5.965440 23
41 -20.420786 22
42 -18.901283 21
43 -17.437172 20
44 -20.041266 23
45 -26.562073 21
46 -25.235965 20
47 -30.900535 22
48 -15.048191 21
49 -24.463210 21
50 -16.761878 21
51 -6.614223 21
52 -9.675137 22
53 -6.621151 21
54 -2.840058 21
55 -9.468476 23
56 -21.582449 22
57 -18.752182 21
58 -16.147637 20
59 -21.661059 23
60 -25.501337 21
61 -23.016438 20
62 -31.468031 22
63 -14.180284 21
64 -26.484147 21
65 -21.095549 20
66 -8.526394 21
67 -14.540120 21
68 -8.168536 21
69 -4.149232 20
70 -12.639038 23
71 -22.565121 22
72 -18.428756 21
73 -14.608278 20
74 -22.896350 23
75 -24.291535 21
76 -20.498399 20
77 -31.795499 22
78 -13.025917 21
79 -26.154283 22
80 -23.039338 21
81 -8.392923 22
82 -17.308167 21
83 -9.635646 21
84 -4.355410 20
85 -15.649842 23
86 -23.442204 22
87 -18.004379 21
88 -12.924546 20
89 -23.966518 23
90 -22.951346 21
91 -17.796662 20
92 -31.967391 22
93 -11.703877 21
94 -29.623681 21
95 -25.721848 21
96 -12.217289 21
97 -20.017251 21
98 -11.049397 21
99 -4.498300 20
100 -18.566498 23
101 -24.218517 22
102 -17.483901 21
103 -10.115969 21
104 -24.920911 23
105 -21.405222 21
106 -14.883986 20
107 -31.973017 22
108 -10.204102 21
109 -30.898080 21
110 -28.120739 21
111 -13.997944 21
112 -22.669621 21
113 -12.412387 21
114 -4.584177 20
115 -21.394856 23
116 -24.882607 22
117 -16.851532 21
118 -8.167301 21
119 -25.738247 23
120 -19.576610 21
121 -11.740218 20
122 -31.808532 22
123 -8.483419 21
124 -31.915949 21
125 -30.200109 21
126 -15.775660 21
127 -25.289498 21
128 -13.759953 21
129 -4.642732 20
130 -24.158691 23
131 -25.455614 22
132 -16.109944 21
133 -7.085723 20
134 -30.430224 22
135 -17.547039 21
136 -7.426210 21
137 -31.502183 22
138 -6.508531 21
139 -30.679423 22
140 -31.937323 21
