0 8.000000 72
1 -11.766029 72
2 -28.401758 70
3 -14.998217 70
4 1.956623 72
5 -30.388857 71
6 5.633904 72
7 3.943131 72
8 1.275116 71
9 5.428752 72
10 -3.172408 70
11 -13.790464 72
12 -16.735851 71
13 -12.325928 72
14 -22.061730 69
15 -26.284332 71
16 -25.911138 71
17 -28.525091 71
18 -13.844671 71
19 -16.563025 71
20 -2.904455 72
21 3.399172 72
22 0.423117 72
23 -0.792027 71
24 4.220152 72
25 -5.412310 71
26 -15.421531 72
27 -16.927105 71
28 -11.710613 72
29 -23.364622 70
30 -27.576250 70
31 -24.409877 71
32 -31.781077 70
33 -13.499077 71
34 -19.166112 71
35 -6.850271 72
36 1.258726 72
37 -6.895441 71
38 -2.694263 71
39 3.324087 72
40 -12.276191 69
41 -20.850478 71
42 -18.931200 70
43 -10.742429 72
44 -26.303182 69
45 -24.692258 71
46 -22.541116 71
47 -32.708845 70
48 -12.853297 71
49 -21.472278 71
50 -14.498751 71
51 -0.758331 72
52 -9.994044 71
53 -4.413545 71
54 2.757625 72
55 -15.743235 69
56 -22.043891 71
57 -18.748175 70
58 -9.448801 72
59 -27.850962 69
60 -25.610657 70
61 -20.342365 71
62 -33.322733 70
63 -11.928526 71
64 -23.451049 71
65 -17.798539 71
66 -2.682671 72
67 -12.895750 71
68 -5.975329 71
69 10.437515 73
70 -18.916565 69
71 -25.044574 70
72 -16.411416 71
73 -7.907100 72
74 -29.103585 69
75 -22.365421 71
76 -19.871826 70
77 -31.648566 71
78 -10.763548 71
79 -25.126939 71
80 -20.760870 71
81 -4.557571 72
82 -17.696182 70
83 -7.455935 71
84 2.237382 72
85 -21.947464 69
86 -23.931947 71
87 -17.979305 70
88 -6.227105 72
89 -29.203072 70
90 -20.985743 71
91 -15.211661 71
92 -31.786652 71
93 -9.452427 71
94 -26.627797 71
95 -25.471325 70
96 -6.389179 72
97 -20.432958 70
98 -8.880355 71
99 2.111165 72
100 -23.893765 70
101 -26.718798 70
102 -17.442993 70
103 -4.427806 72
104 -30.180923 70
105 -19.405329 71
106 -12.331095 71
107 -31.732914 71
108 -9.985411 70
109 -27.959990 71
110 -25.879519 71
111 -8.173452 72
112 -23.111045 70
113 -10.249947 71
114 10.054423 73
115 -26.763274 70
116 -25.398021 71
117 -16.782146 70
118 -2.491895 72
119 -31.032804 70
120 -13.577337 72
121 -9.205259 71
122 -33.483787 70
123 -6.322621 71
124 -29.084827 71
125 -29.960463 70
126 -9.944825 72
127 -23.751821 71
128 -11.599357 71
129 2.025657 72
130 -29.578692 70
131 -25.980666 71
132 -16.012137 70
133 -0.428452 72
134 -31.781250 70
135 -15.513366 71
136 -1.851210 72
137 -33.072511 70
138 -4.473587 71
139 -32.029064 70
140 -31.647757 70
