0 8.000000 15
1 25.752244 14
2 34.490973 15
3 -33.959431 15
4 -42.676567 15
5 -1.550424 16
6 7.594559 15
7 0.400946 13
8 0.818590 15
9 -0.040632 15
10 2.970820 15
11 20.828284 13
12 14.856951 13
13 15.505702 14
14 18.503614 14
15 18.991570 13
16 19.702080 14
17 22.969439 14
18 -37.871198 15
19 -34.674828 15
20 -42.951228 15
21 7.834408 15
22 0.976468 13
23 -5.062319 15
24 -7.067055 15
25 -4.721613 14
26 19.469637 13
27 8.813465 14
28 3.959292 13
29 12.483454 14
30 11.989975 14
31 9.824794 14
32 20.176953 15
33 -44.792756 14
34 -38.257505 14
35 -41.810167 15
36 9.134852 15
37 2.398382 13
38 -10.347569 15
39 -13.271722 15
40 -7.826121 14
41 20.805743 14
42 1.169783 14
43 -3.055158 14
44 11.313804 15
45 3.362561 14
46 -1.436107 13
47 13.983192 15
48 -48.712635 13
49 -36.885530 14
50 -31.817178 16
51 10.997292 15
52 4.712039 13
53 -15.150255 15
54 -22.831269 14
55 -10.321218 14
56 24.930088 15
57 -6.087030 14
58 -13.209717 13
59 2.805304 14
60 -6.612810 13
61 -9.975982 13
62 8.372702 15
63 -50.077699 13
64 -34.882178 14
65 -29.162930 16
66 13.130587 15
67 6.597364 12
68 -19.522736 15
69 -24.005039 15
70 -12.215651 14
71 19.572551 13
72 -12.935299 14
73 -18.810437 14
74 2.768186 15
75 -14.066831 13
76 -19.067266 12
77 3.280439 15
78 -51.075422 13
79 -32.501862 14
80 -26.040230 16
81 15.485086 15
82 10.830092 13
83 -23.582657 15
84 -32.878469 14
85 -13.666294 14
86 22.362271 14
87 -15.483851 15
88 -26.132985 14
89 -1.034989 15
90 -19.220490 14
91 -26.989080 12
92 -1.443713 15
93 -51.757692 13
94 -25.767474 15
95 -22.480098 16
96 18.270259 15
97 13.459751 12
98 -27.279916 15
99 -37.409605 14
100 -10.675758 15
101 23.423047 14
102 -25.576777 14
103 -33.068880 14
104 -4.497448 15
105 -25.980649 14
106 -33.559237 13
107 -9.641084 14
108 -52.045662 13
109 -22.564715 15
110 -18.327279 16
111 17.525924 14
112 17.495579 12
113 -30.455530 15
114 -37.467279 15
115 -11.232940 15
116 23.013607 13
117 -31.009237 14
118 -41.118094 13
119 -11.126930 14
120 -31.891006 14
121 -40.532745 13
122 -14.781042 13
123 -51.669596 13
124 -10.833193 16
125 -21.389119 15
126 19.084763 13
127 22.921810 13
128 -32.790591 15
129 -44.857284 14
130 -11.228115 15
131 27.209265 14
132 -31.619770 15
133 -44.116962 14
134 -8.888226 15
135 -32.559839 15
136 -44.528690 14
137 -16.292090 13
138 -50.626958 13
139 -6.677513 16
140 -15.735096 15
