1 0.000000
2 19.795645
3 30.441609
4 16.870372
5 6.177796
6 34.351682
7 2.384335
8 4.033220
9 2.653796
10 2.543157
11 5.149408
12 21.836168
13 20.616228
14 20.369155
15 23.078455
16 30.283332
17 29.952167
18 32.491474
19 17.681888
20 20.469429
21 10.974572
22 4.620536
23 7.588831
24 4.717255
25 3.794049
26 9.426081
27 23.460692
28 20.778929
29 19.778777
30 25.374642
31 29.549723
32 28.478129
33 33.686507
34 17.378057
35 23.137306
36 14.912370
37 6.758042
38 10.914479
39 6.613250
40 4.722276
41 13.300458
42 24.881138
43 20.786354
44 18.804585
45 27.311901
46 28.651260
47 26.628794
48 34.619728
49 16.761886
50 25.482217
51 18.554901
52 8.775428
53 14.009769
54 8.314407
55 5.314659
56 16.764373
57 26.066838
58 20.603396
59 17.500469
60 28.869962
61 27.558533
62 24.418983
63 35.233551
64 15.842945
65 27.452534
66 21.832580
67 10.701476
68 16.913944
69 9.864968
70 5.649900
71 19.928327
72 27.067303
73 20.266819
74 15.943186
75 30.130797
76 26.298569
77 21.935484
78 35.565722
79 14.681773
80 29.116500
81 24.787756
82 12.578222
83 19.720384
84 11.339663
85 5.862714
86 22.947776
87 27.958578
88 19.836771
89 14.252070
90 31.230099
91 24.902269
92 19.274437
93 35.716902
94 13.379769
95 30.602319
96 27.508707
97 14.411949
98 22.463335
99 12.760462
100 6.001307
101 25.882925
102 28.747319
103 19.305748
104 12.451487
105 32.200560
106 23.307003
107 16.413010
108 35.685021
109 11.931332
110 31.915947
111 29.943469
112 16.198149
113 25.144395
114 14.125893
115 6.068675
116 28.740984
117 29.422912
118 18.650277
119 10.524691
120 33.037930
121 21.470396
122 13.321127
123 35.456530
124 10.304664
125 33.034484
126 32.032580
127 17.970648
128 27.785832
129 15.472089
130 6.104216
131 31.545884
132 30.002581
133 17.887755
134 8.486415
135 33.764596
136 19.388936
137 9.983638
138 35.043755
139 8.520390
140 33.979150
141 33.708254
