1 0.000000
2 19.782071
3 30.366763
4 16.793625
5 6.031968
6 34.244360
7 2.378039
8 4.016401
9 2.601639
10 2.489243
11 5.163834
12 21.805385
13 20.580455
14 20.307344
15 23.052992
16 30.193515
17 29.881755
18 32.367542
19 17.621267
20 20.353879
21 10.850607
22 4.617033
23 7.560400
24 4.652519
25 3.720027
26 9.406043
27 23.412671
28 20.734563
29 19.701382
30 25.344844
31 29.452150
32 28.409136
33 33.543754
34 17.287583
35 23.005301
36 14.815854
37 6.757064
38 10.882207
39 6.545909
40 4.631694
41 13.267848
42 24.823067
43 20.733540
44 18.725206
45 27.274769
46 28.547232
47 26.552883
48 34.457815
49 16.647590
50 25.350949
51 18.489735
52 8.773942
53 13.971558
54 8.248349
55 5.208235
56 16.718241
57 26.002297
58 20.544512
59 17.419278
60 28.821685
61 27.451870
62 24.337629
63 35.060580
64 15.715784
65 27.321639
66 21.792414
67 10.697917
68 16.868245
69 9.798876
70 5.536091
71 19.870914
72 26.998166
73 20.204669
74 15.859751
75 30.069340
76 26.191452
77 21.852831
78 35.389809
79 14.548111
80 28.980143
81 24.752761
82 12.572801
83 19.666949
84 11.272077
85 5.743487
86 22.880194
87 27.885461
88 19.771862
89 14.165366
90 31.155801
91 24.797059
92 19.189684
93 35.543920
94 13.240104
95 30.462004
96 27.466325
97 14.404704
98 22.402931
99 12.690174
100 5.875663
101 25.804990
102 28.671356
103 19.235603
104 12.359644
105 32.114432
106 23.208835
107 16.320399
108 35.522660
109 11.784582
110 31.774337
111 29.887936
112 16.188769
113 25.078258
114 14.052761
115 5.935259
116 28.652848
117 29.345872
118 18.571416
119 10.425349
120 32.943097
121 21.380785
122 13.217235
123 35.312289
124 10.151788
125 32.891893
126 31.958651
127 17.958964
128 27.715167
129 15.397190
130 5.963761
131 31.448250
132 29.927342
133 17.802246
134 8.374464
135 33.666322
136 19.305082
137 9.864904
138 34.920681
139 8.366212
140 33.839486
141 33.602829
