1 0.000000
2 19.792961
3 30.456981
4 16.894690
5 6.205492
6 34.367157
7 2.386104
8 4.033943
9 2.672282
10 2.569318
11 5.150316
12 21.843835
13 20.637421
14 20.366901
15 23.086542
16 30.292389
17 29.964364
18 32.489317
19 17.691739
20 20.469529
21 10.981238
22 4.619682
23 7.598023
24 4.731046
25 3.820886
26 9.424166
27 23.474866
28 20.803774
29 19.774336
30 25.379689
31 29.553742
32 28.490331
33 33.674394
34 17.381562
35 23.114841
36 14.911172
37 6.753496
38 10.924945
39 6.628288
40 4.746887
41 13.302006
42 24.895901
43 20.811984
44 18.803800
45 27.318600
46 28.650609
47 26.641462
48 34.607129
49 16.759314
50 25.446177
51 18.548288
52 8.769174
53 14.020527
54 8.332642
55 5.339452
56 16.767425
57 26.080930
58 20.627534
59 17.506076
60 28.879283
61 27.553763
62 24.432809
63 35.228214
64 15.838946
65 27.414112
66 21.819833
67 10.694923
68 16.924574
69 9.884651
70 5.673941
71 19.932430
72 27.080643
73 20.289724
74 15.951251
75 30.142021
76 26.290212
77 21.952537
78 35.566828
79 14.677404
80 29.082327
81 24.772030
82 12.571887
83 19.731244
84 11.360087
85 5.886368
86 22.954279
87 27.971492
88 19.858911
89 14.260468
90 31.243382
91 24.891375
92 19.296267
93 35.722740
94 13.375521
95 30.574623
96 27.494044
97 14.406217
98 22.475058
99 12.781836
100 6.025439
101 25.892379
102 28.760143
103 19.328004
104 12.459924
105 32.216109
106 23.297633
107 16.440561
108 35.695087
109 11.929105
110 31.897189
111 29.932355
112 16.193632
113 25.157478
114 14.148283
115 6.094115
116 28.753328
117 29.435867
118 18.673384
119 10.534755
120 33.054817
121 21.468170
122 13.353409
123 35.469004
124 10.309130
125 33.027710
126 32.027266
127 17.967372
128 27.800225
129 15.495472
130 6.131017
131 31.560380
132 30.015707
133 17.911647
134 8.501451
135 33.780484
136 19.398351
137 10.015884
138 35.054955
139 8.535347
140 33.986396
141 33.718276
