1 0.000000
2 19.699384
3 30.185450
4 16.821508
5 6.105893
6 34.271235
7 2.316383
8 3.960217
9 2.586453
10 2.631678
11 5.442547
12 21.655060
13 20.547892
14 20.304360
15 23.225536
16 30.080414
17 29.790018
18 32.464555
19 17.687432
20 20.464561
21 10.959643
22 4.538196
23 7.428832
24 4.661619
25 3.914908
26 9.568237
27 23.251284
28 20.775189
29 19.748794
30 25.559578
31 29.351333
32 28.387345
33 33.690995
34 17.467646
35 23.190562
36 14.914502
37 6.675886
38 10.747782
39 6.569404
40 4.799517
41 13.350646
42 24.650713
43 20.790159
44 18.813731
45 27.417942
46 28.444377
47 26.565469
48 34.553527
49 16.968167
50 25.542357
51 18.518353
52 8.690458
53 13.846772
54 8.276371
55 5.331722
56 16.761682
57 25.807555
58 20.614600
59 17.532904
60 28.925919
61 27.341307
62 24.351253
63 35.101712
64 16.107479
65 27.525757
66 21.765959
67 10.612333
68 16.736410
69 9.822602
70 5.633890
71 19.901297
72 26.784928
73 20.273618
74 15.987800
75 30.157380
76 26.085673
77 21.866629
78 35.407731
79 14.948580
80 29.180884
81 24.704272
82 12.485358
83 19.520816
84 11.289951
85 5.825409
86 22.909064
87 27.660701
88 19.831429
89 14.300361
90 31.241130
91 24.698867
92 19.198755
93 35.552541
94 13.623182
95 30.654995
96 27.396358
97 14.315006
98 22.242797
99 12.705148
100 5.948583
101 25.836574
102 28.440733
103 19.284465
104 12.490071
105 32.200362
106 23.113845
107 16.310514
108 35.518767
109 12.130431
110 31.960164
111 29.769472
112 16.098405
113 24.906943
114 14.071838
115 6.007439
116 28.687386
117 29.113095
118 18.614945
119 10.544379
120 33.021302
121 21.278032
122 13.180350
123 35.306101
124 10.429243
125 33.058216
126 31.813101
127 17.873257
128 27.537620
129 15.424282
130 6.038832
131 31.482375
132 29.697907
133 17.826208
134 8.488204
135 33.734170
136 19.254028
137 9.866705
138 34.933063
139 8.539012
140 33.960148
141 33.510348
