1 0.000000
2 19.766029
3 30.401758
4 16.998217
5 6.043377
6 34.388857
7 2.366096
8 4.056869
9 2.724884
10 2.571248
11 5.172408
12 21.790464
13 20.735851
14 20.325928
15 23.061730
16 30.284332
17 29.911138
18 32.525091
19 17.844671
20 20.563025
21 10.904455
22 4.600828
23 7.576883
24 4.792027
25 3.779848
26 9.412310
27 23.421531
28 20.927105
29 19.710613
30 25.364622
31 29.576250
32 28.409877
33 33.781077
34 17.499077
35 23.166112
36 14.850271
37 6.741274
38 10.895441
39 6.694263
40 4.675913
41 13.276191
42 24.850478
43 20.931200
44 18.742429
45 27.303182
46 28.692258
47 26.541116
48 34.708845
49 16.853297
50 25.472278
51 18.498751
52 8.758331
53 13.994044
54 8.413545
55 5.242375
56 16.743235
57 26.043891
58 20.748175
59 17.448801
60 28.850962
61 27.610657
62 24.342365
63 35.322733
64 15.928526
65 27.451049
66 21.798539
67 10.682671
68 16.895750
69 9.975329
70 5.562485
71 19.916565
72 27.044574
73 20.411416
74 15.907100
75 30.103585
76 26.365421
77 21.871826
78 35.648566
79 14.763548
80 29.126939
81 24.760870
82 12.557571
83 19.696182
84 11.455935
85 5.762618
86 22.947464
87 27.931947
88 19.979305
89 14.227105
90 31.203072
91 24.985743
92 19.211661
93 35.786652
94 13.452427
95 30.627797
96 27.471325
97 14.389179
98 22.432958
99 12.880355
100 5.888835
101 25.893765
102 28.718798
103 19.442993
104 12.427806
105 32.180923
106 23.405329
107 16.331095
108 35.732914
109 11.985411
110 31.959990
111 29.879519
112 16.173452
113 25.111045
114 14.249947
115 5.945577
116 28.763274
117 29.398021
118 18.782146
119 10.491895
120 33.032804
121 21.577337
122 13.205259
123 35.483787
124 10.322621
125 33.084827
126 31.960463
127 17.944825
128 27.751821
129 15.599357
130 5.974343
131 31.578692
132 29.980666
133 18.012137
134 8.428452
135 33.781250
136 19.513366
137 9.851210
138 35.072511
139 8.473587
140 34.029064
141 33.647757
