1 0.000000
2 19.798040
3 30.436359
4 16.815959
5 5.873748
6 34.198190
7 2.382528
8 4.060199
9 2.652223
10 2.487183
11 5.156639
12 21.865030
13 20.675322
14 20.299120
15 23.067594
16 30.281911
17 29.855433
18 32.359808
19 17.594259
20 20.334548
21 10.697388
22 4.638234
23 7.613191
24 4.698954
25 3.705102
26 9.372553
27 23.494137
28 20.810029
29 19.663492
30 25.323115
31 29.538876
32 28.320862
33 33.487537
34 17.259687
35 22.957064
36 14.664950
37 6.787359
38 10.945705
39 6.584216
40 4.584255
41 13.212491
42 24.916120
43 20.787451
44 18.675480
45 27.226534
46 28.634147
47 26.428987
48 34.383252
49 16.633563
50 25.288998
51 18.318119
52 8.806868
53 14.043988
54 8.283052
55 5.138236
56 16.665834
57 26.100805
58 20.588900
59 17.355201
60 28.755682
61 27.539725
62 24.205124
63 34.978927
64 15.704099
65 27.265524
66 21.608817
67 10.730131
68 16.942254
69 9.830606
70 5.449354
71 19.824650
72 27.095801
73 20.246085
74 15.786433
75 29.995513
76 26.286158
77 21.718285
78 35.301872
79 14.529125
80 28.928018
81 24.560349
82 12.603109
83 19.740692
84 11.301073
85 5.639993
86 22.838244
87 27.980239
88 19.812183
89 14.084786
90 31.081436
91 24.897130
92 19.050244
93 35.449107
94 13.210105
95 30.412334
96 27.260721
97 14.432440
98 22.476167
99 12.716533
100 5.755745
101 25.765512
102 28.764217
103 19.275284
104 12.269258
105 32.042962
106 23.301715
107 16.171312
108 35.421885
109 11.741536
110 31.724735
111 29.663596
112 16.213297
113 25.151108
114 14.076566
115 5.800550
116 28.614157
117 29.438359
118 18.611045
119 10.322537
120 32.876137
121 21.448756
122 13.061588
123 35.212057
124 10.090336
125 32.842332
126 31.736331
127 17.979752
128 27.787508
129 15.418957
130 5.816464
131 31.407743
132 30.017392
133 17.837733
134 8.254190
135 33.607190
136 19.343940
137 9.704104
138 34.835174
139 8.267050
140 33.794041
141 33.437285
