1 0.000000
2 19.742877
3 30.424676
4 16.832022
5 5.978660
6 34.344650
7 2.354051
8 4.066524
9 2.672291
10 2.556792
11 5.160879
12 21.822545
13 20.672118
14 20.311602
15 23.040346
16 30.263771
17 29.928363
18 32.485485
19 17.641515
20 20.384693
21 10.819187
22 4.596943
23 7.606363
24 4.700246
25 3.773933
26 9.399196
27 23.468055
28 20.821726
29 19.713165
30 25.340314
31 29.534372
32 28.427308
33 33.693311
34 17.313822
35 23.006548
36 14.753296
37 6.741433
38 10.939773
39 6.584526
40 4.658849
41 13.252796
42 24.899166
43 20.811326
44 18.744711
45 27.276066
46 28.637230
47 26.552794
48 34.611704
49 16.694937
50 25.343772
51 18.405682
52 8.757468
53 14.039030
54 8.290957
55 5.221203
56 16.715147
57 26.091077
58 20.618086
59 17.444311
60 28.824841
61 27.544754
62 24.351073
63 35.220119
64 15.780835
65 27.342744
66 21.719080
67 10.678547
68 16.937243
69 9.842737
70 5.536272
71 19.884891
72 27.089023
73 20.273843
74 15.891754
75 30.077898
76 26.289844
77 21.880691
78 35.547989
79 14.617257
80 29.028609
81 24.693219
82 12.549649
83 19.734144
84 11.315211
85 5.729928
86 22.912961
87 27.973758
88 19.836103
89 14.199507
90 31.177763
91 24.899392
92 19.218373
93 35.693457
94 13.306433
95 30.535400
96 27.410231
97 14.377533
98 22.467305
99 12.731937
100 5.849139
101 25.856594
102 28.757945
103 19.294457
104 12.387594
105 32.155188
106 23.303744
107 16.331653
108 35.652159
109 11.844643
110 31.870993
111 29.822179
112 16.158165
113 25.141122
114 14.093535
115 5.898284
116 28.722905
117 29.434454
118 18.627960
119 10.439648
120 33.004442
121 21.453443
122 13.196461
123 35.417615
124 10.198984
125 33.001409
126 31.907813
127 17.925591
128 27.777322
129 15.436336
130 5.918503
131 31.535329
132 30.017702
133 17.855776
134 8.366692
135 33.747657
136 19.364917
137 9.820402
138 35.017129
139 8.374468
140 33.954218
141 33.589838
