1 0.000000
2 19.720700
3 30.072891
4 16.852412
5 6.019434
6 34.250604
7 2.345384
8 3.913148
9 2.579049
10 2.548513
11 5.296652
12 21.644492
13 20.589492
14 20.267290
15 23.072479
16 30.002637
17 29.665536
18 32.435308
19 17.704221
20 20.459891
21 11.043339
22 4.572273
23 7.362841
24 4.622439
25 3.805727
26 9.541096
27 23.209369
28 20.782449
29 19.679083
30 25.411444
31 29.307140
32 28.232967
33 33.694491
34 17.468033
35 23.132696
36 14.994118
37 6.714187
38 10.663807
39 6.533062
40 4.686549
41 13.347958
42 24.594406
43 20.790574
44 18.694174
45 27.333708
46 28.431893
47 26.391533
48 34.565400
49 16.885014
50 25.457401
51 18.584826
52 8.734638
53 13.752840
54 8.258997
55 5.230393
56 16.755896
57 25.752091
58 20.608334
59 17.392651
60 28.854867
61 27.355552
62 24.168083
63 35.134434
64 15.982681
65 27.434205
66 21.831907
67 10.657361
68 16.639475
69 9.822476
70 5.541738
71 19.891745
72 26.730553
73 20.265047
74 15.850521
75 30.085693
76 26.120983
77 21.674416
78 35.448447
79 14.816106
80 29.104026
81 24.759368
82 12.527908
83 19.423696
84 11.302821
85 5.737543
86 22.896733
87 27.605919
88 19.822056
89 14.172627
90 31.166229
91 24.757587
92 19.007137
93 35.592219
94 13.496950
95 30.596151
96 27.436748
97 14.354549
98 22.145006
99 12.726617
100 5.861838
101 25.821568
102 28.386582
103 19.272008
104 12.379626
105 32.123592
106 23.194792
107 16.138157
108 35.549898
109 12.018189
110 31.920470
111 29.798680
112 16.134778
113 24.808104
114 14.097495
115 5.920677
116 28.670367
117 29.060364
118 18.601460
119 10.456910
120 32.950700
121 21.382274
122 13.043077
123 35.313929
124 10.342004
125 33.035144
126 31.837737
127 17.903583
128 27.434836
129 15.450395
130 5.951854
131 31.463928
132 29.640800
133 17.832115
134 8.407348
135 33.676039
136 19.348336
137 9.753445
138 34.914482
139 8.485945
140 33.955773
141 33.518381
