1 0.000000
2 19.741338
3 30.137790
4 16.879206
5 5.989890
6 34.387313
7 2.341305
8 3.944403
9 2.615339
10 2.540914
11 5.193357
12 21.703367
13 20.651117
14 20.230488
15 23.033606
16 30.047739
17 29.700111
18 32.516716
19 17.744810
20 20.502181
21 11.025496
22 4.565071
23 7.420103
24 4.666600
25 3.781034
26 9.471268
27 23.272053
28 20.840122
29 19.621336
30 25.352930
31 29.357420
32 28.229891
33 33.826538
34 17.447915
35 23.210422
36 14.984231
37 6.703794
38 10.722061
39 6.563046
40 4.654548
41 13.324000
42 24.661751
43 20.844931
44 18.651305
45 27.291012
46 28.488953
47 26.359785
48 34.733517
49 16.843119
50 25.574560
51 18.597007
52 8.723264
53 13.807875
54 8.281165
55 5.199315
56 16.780199
57 25.827375
58 20.662028
59 17.358892
60 28.842492
61 27.413924
62 24.142433
63 35.323238
64 15.938943
65 27.578279
66 21.865921
67 10.649476
68 16.695778
69 9.843091
70 5.511306
71 19.947753
72 26.808219
73 20.321079
74 15.820326
75 30.095392
76 26.174603
77 21.660693
78 35.645892
79 14.775762
80 29.260519
81 24.806791
82 12.525403
83 19.482250
84 11.324613
85 5.708712
86 22.975178
87 27.681954
88 19.883115
89 14.144734
90 31.194480
91 24.803033
92 19.002250
93 35.790102
94 13.459471
95 30.759686
96 27.497714
97 14.357617
98 22.205279
99 12.750771
100 5.833928
101 25.917443
102 28.458787
103 19.340059
104 12.352923
105 32.171388
106 23.232876
107 16.139774
108 35.741546
109 11.983885
110 32.088428
111 29.878831
112 16.143396
113 24.869903
114 14.123207
115 5.891132
116 28.780900
117 29.128436
118 18.673296
119 10.428799
120 33.023355
121 21.414104
122 13.051427
123 35.492488
124 10.312983
125 33.203506
126 31.941169
127 17.917884
128 27.498330
129 15.476659
130 5.920712
131 31.587935
132 29.705895
133 17.899529
134 8.377399
135 33.774487
136 19.360356
137 9.760066
138 35.071089
139 8.466413
140 34.120748
141 33.649207
