1 0.000000
2 19.814186
3 30.454754
4 16.775692
5 5.946149
6 34.238553
7 2.398187
8 4.056750
9 2.601352
10 2.517614
11 5.188145
12 21.858058
13 20.619433
14 20.343413
15 23.098785
16 30.260587
17 29.906516
18 32.428785
19 17.568129
20 20.334592
21 10.739463
22 4.653015
23 7.613394
24 4.644471
25 3.742635
26 9.415072
27 23.482079
28 20.762891
29 19.728434
30 25.369973
31 29.508469
32 28.397933
33 33.567908
34 17.240471
35 22.971823
36 14.696142
37 6.800669
38 10.949155
39 6.529707
40 4.630031
41 13.257833
42 24.909718
43 20.750276
44 18.745084
45 27.281473
46 28.597591
47 26.522877
48 34.465279
49 16.615315
50 25.309673
51 18.354094
52 8.819643
53 14.051329
54 8.229507
55 5.190240
56 16.703606
57 26.100904
58 20.554598
59 17.427555
60 28.816877
61 27.496655
62 24.307155
63 35.062560
64 15.689895
65 27.289115
66 21.646730
67 10.742236
68 16.953583
69 9.779443
70 5.505348
71 19.855939
72 27.101538
73 20.211693
74 15.859714
75 30.059745
76 26.233440
77 21.823476
78 35.388517
79 14.520246
80 28.956616
81 24.601311
82 12.614898
83 19.754385
84 11.252485
85 5.700319
86 22.867313
87 27.990427
88 19.777023
89 14.156959
90 31.146136
91 24.835988
92 19.156324
93 35.539068
94 13.206510
95 30.446370
96 27.310617
97 14.444313
98 22.491238
99 12.670872
100 5.820328
101 25.794654
102 28.777349
103 19.238957
104 12.338187
105 32.106252
106 23.238191
107 16.275199
108 35.514508
109 11.741395
110 31.762399
111 29.728585
112 16.225712
113 25.166695
114 14.034103
115 5.868388
116 28.644619
117 29.452181
118 18.573653
119 10.386122
120 32.938006
121 21.390114
122 13.155197
123 35.301254
124 10.093449
125 32.878608
126 31.811130
127 17.993442
128 27.803788
129 15.378816
130 5.886790
131 31.441531
132 30.031028
133 17.801851
134 8.313903
135 33.666593
136 19.297129
137 9.787846
138 34.909580
139 8.285340
140 33.827913
141 33.498767
