1 0.000000
2 19.800907
3 30.456703
4 16.942709
5 6.287265
6 34.461913
7 2.393521
8 4.021995
9 2.697813
10 2.566753
11 5.175114
12 21.814831
13 20.668529
14 20.391768
15 23.106554
16 30.319348
17 30.016362
18 32.498013
19 17.742338
20 20.523096
21 11.071246
22 4.626294
23 7.584580
24 4.766167
25 3.833996
26 9.468616
27 23.446130
28 20.846347
29 19.805849
30 25.418849
31 29.591383
32 28.559111
33 33.704860
34 17.438364
35 23.183129
36 15.009465
37 6.759057
38 10.913559
39 6.665017
40 4.778367
41 13.362976
42 24.867077
43 20.860603
44 18.845702
45 27.377413
46 28.689152
47 26.730886
48 34.656685
49 16.827140
50 25.522240
51 18.657277
52 8.775116
53 14.009346
54 8.369052
55 5.383891
56 16.836551
57 26.053331
58 20.677469
59 17.555581
60 28.947822
61 27.591166
62 24.530999
63 35.288820
64 15.913952
65 27.500470
66 21.936243
67 10.701318
68 16.913140
69 9.922200
70 5.726102
71 20.006704
72 27.056538
73 20.339844
74 16.005637
75 30.216018
76 26.326992
77 22.051358
78 35.636164
79 14.757856
80 29.178364
81 24.890472
82 12.578480
83 19.720746
84 11.399614
85 5.945091
86 23.033029
87 27.951116
88 19.909165
89 14.319046
90 31.322641
91 24.927266
92 19.392279
93 35.800221
94 13.460502
95 30.678296
96 27.611975
97 14.412863
98 22.466671
99 12.823826
100 6.090369
101 25.975254
102 28.742942
103 19.378725
104 12.522606
105 32.300882
106 23.331202
107 16.530314
108 35.779895
109 12.018272
110 32.005158
111 30.047690
112 16.200728
113 25.151946
114 14.193313
115 6.165432
116 28.840151
117 29.420962
118 18.724348
119 10.601177
120 33.145202
121 21.497425
122 13.433257
123 35.558969
124 10.401914
125 33.136123
126 32.137666
127 17.974999
128 27.797266
129 15.542857
130 6.208194
131 31.651060
132 30.003942
133 17.961853
134 8.572963
135 33.874987
136 19.429229
137 10.093240
138 35.147889
139 8.628661
140 34.092027
141 33.822696
