1 0.000000
2 19.759873
3 30.381765
4 16.830161
5 5.942123
6 34.232964
7 2.372476
8 4.046635
9 2.665615
10 2.526835
11 5.211732
12 21.819280
13 20.672819
14 20.303021
15 23.080010
16 30.228780
17 29.810137
18 32.359027
19 17.626088
20 20.372816
21 10.844096
22 4.621358
23 7.591364
24 4.705482
25 3.760140
26 9.433541
27 23.447494
28 20.821735
29 19.688142
30 25.360551
31 29.494717
32 28.299247
33 33.505455
34 17.296589
35 22.998367
36 14.799875
37 6.766638
38 10.918550
39 6.593388
40 4.643104
41 13.267365
42 24.873852
43 20.808663
44 18.712413
45 27.272391
46 28.597069
47 26.427179
48 34.410470
49 16.671959
50 25.333548
51 18.440658
52 8.783146
53 14.013511
54 8.295785
55 5.201575
56 16.717775
57 26.059934
58 20.613133
59 17.402727
60 28.804050
61 27.507601
62 24.218310
63 35.007981
64 15.744152
65 27.315425
66 21.727171
67 10.703814
68 16.908488
69 9.844539
70 5.514457
71 19.875732
72 27.053787
73 20.269158
74 15.843378
75 30.042343
76 26.258109
77 21.741969
78 35.329395
79 14.570170
80 28.980217
81 24.677307
82 12.574448
83 19.702761
84 11.315301
85 5.706130
86 22.887974
87 27.936244
88 19.832571
89 14.148474
90 31.126159
91 24.872319
92 19.080812
93 35.474312
94 13.252382
95 30.464764
96 27.373916
97 14.401485
98 22.433701
99 12.731152
100 5.822660
101 25.813101
102 28.718570
103 19.292544
104 12.337549
105 32.085600
106 23.279074
107 16.206887
108 35.445771
109 11.785863
110 31.777124
111 29.767533
112 16.180073
113 25.104505
114 14.091789
115 5.868411
116 28.659046
117 29.391718
118 18.626720
119 10.394280
120 32.917087
121 21.427888
122 13.102619
123 35.235941
124 10.138652
125 32.891897
126 31.830407
127 17.944213
128 27.736897
129 15.433995
130 5.885036
131 31.448638
132 29.969042
133 17.853809
134 8.326046
135 33.646023
136 19.333525
137 9.755014
138 34.862733
139 8.319946
140 33.835995
141 33.510895
