1 0.000000
2 19.807670
3 30.458573
4 16.931565
5 6.258926
6 34.419772
7 2.401338
8 4.030190
9 2.695068
10 2.572978
11 5.158640
12 21.841771
13 20.673893
14 20.387878
15 23.104705
16 30.314946
17 29.984551
18 32.496864
19 17.731955
20 20.516721
21 11.051356
22 4.635050
23 7.599146
24 4.758781
25 3.834483
26 9.448215
27 23.477085
28 20.844929
29 19.799122
30 25.408418
31 29.577436
32 28.517947
33 33.699750
34 17.417764
35 23.165777
36 14.989471
37 6.768483
38 10.925251
39 6.658054
40 4.770681
41 13.338397
42 24.896386
43 20.855641
44 18.835629
45 27.355490
46 28.672608
47 26.678670
48 34.642521
49 16.799394
50 25.500563
51 18.635428
52 8.784603
53 14.018408
54 8.363669
55 5.371785
56 16.807602
57 26.079206
58 20.672391
59 17.541413
60 28.918213
61 27.574847
62 24.474128
63 35.265746
64 15.881701
65 27.475665
66 21.908576
67 10.710882
68 16.920842
69 9.916816
70 5.711580
71 19.974688
72 27.078355
73 20.334945
74 15.988904
75 30.181895
76 26.311611
77 21.994153
78 35.606000
79 14.722154
80 29.148961
81 24.857493
82 12.588009
83 19.727269
84 11.393379
85 5.928038
86 22.998528
87 27.969123
88 19.904061
89 14.300787
90 31.285251
91 24.913438
92 19.337098
93 35.764285
94 13.422075
95 30.643759
96 27.574371
97 14.422108
98 22.471873
99 12.816499
100 6.070567
101 25.938718
102 28.757439
103 19.372642
104 12.503214
105 32.260639
106 23.319910
107 16.479215
108 35.739739
109 11.978185
110 31.966164
111 30.004805
112 16.209098
113 25.155856
114 14.184505
115 6.142410
116 28.801887
117 29.432546
118 18.716197
119 10.581194
120 33.102381
121 21.490407
122 13.388327
123 35.517008
124 10.361161
125 33.094116
126 32.089769
127 17.982377
128 27.800207
129 15.532611
130 6.182178
131 31.611017
132 30.012195
133 17.950940
134 8.551588
135 33.830191
136 19.423835
137 10.055244
138 35.105450
139 8.590056
140 34.048162
141 33.772834
