1 0.000000
2 19.684285
3 30.179904
4 16.959888
5 6.132011
6 34.253894
7 2.344216
8 3.974761
9 2.653184
10 2.651865
11 5.243676
12 21.670082
13 20.644906
14 20.391289
15 23.075913
16 30.158038
17 29.908947
18 32.464107
19 17.889845
20 20.549412
21 11.011171
22 4.572015
23 7.461015
24 4.733512
25 3.931638
26 9.474205
27 23.276401
28 20.875822
29 19.876913
30 25.445941
31 29.467365
32 28.471868
33 33.700134
34 17.621317
35 23.211308
36 14.929149
37 6.708416
38 10.770917
39 6.662524
40 4.828202
41 13.272392
42 24.674259
43 20.901201
44 18.939621
45 27.328130
46 28.585337
47 26.603987
48 34.573604
49 17.057454
50 25.547303
51 18.528517
52 8.720297
53 13.859816
54 8.386520
55 5.371483
56 16.693339
57 25.831233
58 20.727972
59 17.644152
60 28.840280
61 27.500042
62 24.371120
63 35.144988
64 16.160626
65 27.526807
66 21.785016
67 10.636133
68 16.744350
69 9.944114
70 5.676962
71 19.843048
72 26.807610
73 20.386645
74 16.086449
75 30.072749
76 26.257068
77 21.875914
78 35.459143
79 14.992392
80 29.189547
81 24.724343
82 12.501636
83 19.526699
84 11.418884
85 5.867552
86 22.859633
87 27.681654
88 19.942669
89 14.388560
90 31.158395
91 24.883441
92 19.199707
93 35.599947
94 13.673212
95 30.676981
96 27.422961
97 14.324055
98 22.247547
99 12.837667
100 5.987936
101 25.794618
102 28.460082
103 19.390546
104 12.569594
105 32.121432
106 23.308869
107 16.307633
108 35.551695
109 12.197460
110 31.999108
111 29.810322
112 16.101272
113 24.911277
114 14.206138
115 6.042884
116 28.652394
117 29.129689
118 18.722056
119 10.617056
120 32.952924
121 21.480372
122 13.182017
123 35.314496
124 10.520052
125 33.117336
126 31.872433
127 17.868608
128 27.539563
129 15.558434
130 6.069543
131 31.455139
132 29.707839
133 17.952308
134 8.544614
135 33.682205
136 19.430599
137 9.877395
138 34.919128
139 8.642831
140 34.034810
141 33.587679
