1 0.000000
2 19.766850
3 30.399998
4 16.774616
5 6.012635
6 34.267620
7 2.375061
8 4.044410
9 2.596103
10 2.485145
11 5.183044
12 21.814054
13 20.586907
14 20.281521
15 23.072203
16 30.236898
17 29.918892
18 32.422302
19 17.614384
20 20.380704
21 10.840735
22 4.614574
23 7.597517
24 4.644590
25 3.718957
26 9.426294
27 23.436343
28 20.743658
29 19.676490
30 25.371745
31 29.501764
32 28.428424
33 33.607155
34 17.290627
35 23.045754
36 14.812632
37 6.752772
38 10.922986
39 6.535189
40 4.633984
41 13.293026
42 24.858221
43 20.739754
44 18.706488
45 27.299825
46 28.597158
47 26.556912
48 34.525531
49 16.655032
50 25.396221
51 18.480669
52 8.766840
53 14.013504
54 8.236289
55 5.210853
56 16.743817
57 26.045614
58 20.547672
59 17.404244
60 28.845099
61 27.498996
62 24.337904
63 35.128780
64 15.724719
65 27.375582
66 21.775152
67 10.688190
68 16.909085
69 9.785612
70 5.536004
71 19.895806
72 27.045396
73 20.204980
74 15.845702
75 30.092828
76 26.235565
77 21.851701
78 35.456199
79 14.557259
80 29.038281
81 24.729270
82 12.561113
83 19.705993
84 11.257662
85 5.739464
86 22.904764
87 27.933709
88 19.769084
89 14.150026
90 31.180208
91 24.836892
92 19.185657
93 35.605386
94 13.248016
95 30.521433
96 27.438407
97 14.391417
98 22.440216
99 12.674571
100 5.867444
101 25.828960
102 28.718812
103 19.228321
104 12.341166
105 32.139407
106 23.239978
107 16.309811
108 35.577078
109 11.788686
110 31.831940
111 29.857106
112 16.174055
113 25.113936
114 14.035731
115 5.922961
116 28.676152
117 29.390677
118 18.558619
119 10.402591
120 32.968255
121 21.397334
122 13.200307
123 35.357408
124 10.147947
125 32.943037
126 31.932616
127 17.943541
128 27.749550
129 15.378918
130 5.947767
131 31.471244
132 29.967918
133 17.785944
134 8.348785
135 33.691544
136 19.309171
137 9.844681
138 34.956556
139 8.349555
140 33.882509
141 33.598498
