1 0.000000
2 19.734985
3 30.358559
4 16.864677
5 6.014977
6 34.203577
7 2.361334
8 4.048064
9 2.694906
10 2.575939
11 5.139513
12 21.809289
13 20.676291
14 20.309190
15 23.014510
16 30.222720
17 29.854562
18 32.323434
19 17.671820
20 20.329886
21 10.838374
22 4.602065
23 7.582349
24 4.736034
25 3.808481
26 9.355103
27 23.437680
28 20.834451
29 19.716273
30 25.287863
31 29.500835
32 28.367309
33 33.483996
34 17.357484
35 22.934040
36 14.768003
37 6.744831
38 10.901507
39 6.625611
40 4.693580
41 13.192698
42 24.855790
43 20.826328
44 18.764374
45 27.205132
46 28.611284
47 26.494356
48 34.396391
49 16.751901
50 25.263293
51 18.401000
52 8.759656
53 13.989829
54 8.331211
55 5.254685
56 16.648412
57 26.040189
58 20.633335
59 17.468662
60 28.741631
61 27.524709
62 24.286123
63 35.002061
64 15.836824
65 27.247511
66 21.692942
67 10.679625
68 16.881922
69 9.881263
70 5.570251
71 19.812255
72 27.034890
73 20.290556
74 15.917935
75 29.985561
76 26.274798
77 21.813024
78 35.327619
79 14.669837
80 28.917273
81 24.650191
82 12.550117
83 19.675039
84 11.352174
85 5.764854
86 22.830733
87 27.917556
88 19.854743
89 14.228336
90 31.075874
91 24.888418
92 19.155260
93 35.473180
94 13.356244
95 30.409435
96 27.349198
97 14.377450
98 22.405667
99 12.767706
100 5.884921
101 25.762463
102 28.699871
103 19.315044
104 12.419254
105 32.041682
106 23.298038
107 16.282958
108 35.440262
109 11.892226
110 31.734102
111 29.740500
112 16.156743
113 25.077596
114 14.128288
115 5.934082
116 28.615402
117 29.373775
118 18.649148
119 10.472844
120 32.878637
121 21.455945
122 13.175170
123 35.222085
124 10.243003
125 32.857365
126 31.803386
127 17.920854
128 27.712283
129 15.470078
130 5.954196
131 31.412635
132 29.952811
133 17.876718
134 8.398348
135 33.611113
136 19.378896
137 9.828345
138 34.841040
139 8.415094
140 33.800798
141 33.479425
