1 0.000000
2 19.808538
3 30.477534
4 16.764803
5 5.945915
6 34.217294
7 2.397861
8 4.062152
9 2.602367
10 2.509205
11 5.163515
12 21.873357
13 20.641754
14 20.320115
15 23.061701
16 30.287460
17 29.910358
18 32.414333
19 17.569793
20 20.298686
21 10.787629
22 4.656321
23 7.622514
24 4.646590
25 3.748195
26 9.387405
27 23.506305
28 20.772364
29 19.701360
30 25.332827
31 29.532671
32 28.387983
33 33.543581
34 17.262157
35 22.944564
36 14.756619
37 6.804715
38 10.963932
39 6.530820
40 4.638097
41 13.225482
42 24.937646
43 20.746744
44 18.725172
45 27.251572
46 28.616974
47 26.505164
48 34.437950
49 16.648125
50 25.289304
51 18.415083
52 8.821950
53 14.069234
54 8.227679
55 5.195651
56 16.674882
57 26.128246
58 20.543323
59 17.411280
60 28.789700
61 27.512650
62 24.282282
63 35.033099
64 15.727314
65 27.271286
66 21.700688
67 10.743390
68 16.972680
69 9.775066
70 5.509336
71 19.830476
72 27.128260
73 20.196806
74 15.846118
75 30.032847
76 26.248594
77 21.794378
78 35.355431
79 14.559670
80 28.939827
81 24.643898
82 12.615120
83 19.774575
84 11.246229
85 5.702668
86 22.843529
87 28.017415
88 19.759920
89 14.146930
90 31.119255
91 24.849539
92 19.126211
93 35.502601
94 13.246564
95 30.430172
96 27.336206
97 14.443468
98 22.512077
99 12.662886
100 5.821460
101 25.771974
102 28.804969
103 19.220136
104 12.333033
105 32.080064
106 23.247539
107 16.248080
108 35.476003
109 11.782232
110 31.747695
111 29.731349
112 16.223164
113 25.187842
114 14.023960
115 5.869055
116 28.622997
117 29.480972
118 18.553607
119 10.386717
120 32.912707
121 21.394960
122 13.136290
123 35.263905
124 10.134753
125 32.866453
126 31.793066
127 17.989033
128 27.825480
129 15.367100
130 5.887120
131 31.420828
132 30.060339
133 17.781772
134 8.318449
135 33.641233
136 19.294075
137 9.776105
138 34.876945
139 8.318287
140 33.812542
141 33.477204
