1 0.000000
2 19.782914
3 30.367652
4 16.828255
5 6.137256
6 34.263758
7 2.374082
8 4.007257
9 2.626155
10 2.530104
11 5.145619
12 21.798365
13 20.589582
14 20.338208
15 23.062937
16 30.202157
17 29.870072
18 32.382159
19 17.665564
20 20.380647
21 10.947363
22 4.609838
23 7.556521
24 4.679308
25 3.774034
26 9.413356
27 23.409771
28 20.744618
29 19.746463
30 25.355759
31 29.463237
32 28.404576
33 33.571264
34 17.346504
35 23.038284
36 14.900753
37 6.747846
38 10.881110
39 6.572316
40 4.702614
41 13.281000
42 24.823453
43 20.746850
44 18.782666
45 27.290069
46 28.559590
47 26.562147
48 34.500661
49 16.718840
50 25.381429
51 18.567137
52 8.765273
53 13.971164
54 8.274408
55 5.289989
56 16.733886
57 26.003142
58 20.562222
59 17.486341
60 28.842478
61 27.464852
62 24.357703
63 35.112174
64 15.794869
65 27.353457
66 21.863438
67 10.690816
68 16.867395
69 9.824840
70 5.623130
71 19.886622
72 26.998910
73 20.226026
74 15.932942
75 30.094686
76 26.205835
77 21.879017
78 35.442764
79 14.632152
80 29.016138
81 24.819179
82 12.567326
83 19.665971
84 11.298502
85 5.834451
86 22.895418
87 27.886194
88 19.797037
89 14.243327
90 31.184299
91 24.813260
92 19.220563
93 35.594227
94 13.328036
95 30.500465
96 27.529086
97 14.401026
98 22.402076
99 12.717978
100 5.970644
101 25.820463
102 28.671928
103 19.266071
104 12.442458
105 32.144629
106 23.225901
107 16.358974
108 35.567032
109 11.876539
110 31.813747
111 29.944984
112 16.187127
113 25.077637
114 14.082917
115 6.034433
116 28.669319
117 29.345538
118 18.608272
119 10.513774
120 32.972880
121 21.397943
122 13.270402
123 35.347486
124 10.247932
125 32.930668
126 32.007853
127 17.958931
128 27.714924
129 15.429767
130 6.066477
131 31.465921
132 29.926064
133 17.842946
134 8.468643
135 33.691698
136 19.325214
137 9.940985
138 34.945719
139 8.466233
140 33.875889
141 33.641188
