1 0.000000
2 19.800267
3 30.456743
4 16.752481
5 6.002697
6 34.254921
7 2.391003
8 4.064954
9 2.599414
10 2.514514
11 5.177007
12 21.850882
13 20.605838
14 20.324864
15 23.073947
16 30.275036
17 29.936728
18 32.458257
19 17.587244
20 20.351252
21 10.805906
22 4.640430
23 7.626485
24 4.641824
25 3.752865
26 9.412651
27 23.480184
28 20.751970
29 19.716367
30 25.354644
31 29.530283
32 28.432540
33 33.617334
34 17.270954
35 23.008335
36 14.760454
37 6.785478
38 10.959582
39 6.524534
40 4.654937
41 13.270715
42 24.908810
43 20.741718
44 18.742682
45 27.273408
46 28.620858
47 26.551992
48 34.524309
49 16.644096
50 25.353429
51 18.418510
52 8.803241
53 14.058421
54 8.220415
55 5.224018
56 16.721283
57 26.101038
58 20.545559
59 17.434675
60 28.815430
61 27.519084
62 24.331865
63 35.124353
64 15.719662
65 27.335429
66 21.708774
67 10.725575
68 16.958941
69 9.767201
70 5.543613
71 19.874996
72 27.102299
73 20.199818
74 15.872932
75 30.064943
76 26.252807
77 21.847217
78 35.450260
79 14.553396
80 29.002661
81 24.661142
82 12.598342
83 19.758862
84 11.237867
85 5.742790
86 22.886280
87 27.990898
88 19.761629
89 14.175293
90 31.155952
91 24.850065
92 19.182171
93 35.598754
94 13.243212
95 30.491147
96 27.369610
97 14.427718
98 22.495119
99 12.653885
100 5.866914
101 25.812718
102 28.777088
103 19.219169
104 12.362553
105 32.118880
106 23.244282
107 16.306637
108 35.570193
109 11.782151
110 31.805944
111 29.789003
112 16.209027
113 25.169887
114 14.014516
115 5.918769
116 28.661344
117 29.451391
118 18.548334
119 10.417602
120 32.951161
121 21.388470
122 13.196935
123 35.349296
124 10.140940
125 32.919263
126 31.871474
127 17.977515
128 27.806180
129 15.357235
130 5.940388
131 31.457481
132 30.030232
133 17.773733
134 8.355020
135 33.678559
136 19.287740
137 9.839300
138 34.944712
139 8.343514
140 33.863957
141 33.549018
