1 0.000000
2 19.609331
3 29.928227
4 17.151109
5 5.728413
6 34.911131
7 2.308444
8 3.932074
9 2.818096
10 2.271390
11 5.526987
12 21.516805
13 20.533916
14 20.093940
15 23.265496
16 30.013791
17 29.501585
18 32.548599
19 17.727964
20 21.150134
21 10.859016
22 4.510277
23 7.349360
24 4.989092
25 3.455181
26 9.966514
27 23.040091
28 20.844183
29 19.437290
30 25.925223
31 29.415303
32 28.049138
33 34.017221
34 17.533839
35 24.023889
36 14.971750
37 6.618382
38 10.614597
39 6.910060
40 4.318655
41 13.965440
42 24.420786
43 20.901283
44 18.437172
45 28.041266
46 28.562073
47 26.235965
48 34.900535
49 17.048191
50 26.463210
51 18.761878
52 8.614223
53 13.675137
54 8.621151
55 4.840058
56 17.468476
57 25.582449
58 20.752182
59 17.147637
60 29.661059
61 27.501337
62 24.016438
63 35.468031
64 16.180284
65 28.484147
66 22.095549
67 10.526394
68 16.540120
69 10.168536
70 5.149232
71 20.639038
72 26.565121
73 20.428756
74 15.608278
75 30.896350
76 26.291535
77 21.498399
78 35.795499
79 15.025917
80 30.154283
81 25.039338
82 12.392923
83 19.308167
84 11.635646
85 5.355410
86 23.649842
87 27.442204
88 20.004379
89 13.924546
90 31.966518
91 24.951346
92 18.796662
93 35.967391
94 13.703877
95 31.623681
96 27.721848
97 14.217289
98 22.017251
99 13.049397
100 5.498300
101 26.566498
102 28.218517
103 19.483901
104 12.115969
105 32.920911
106 23.405222
107 15.883986
108 35.973017
109 12.204102
110 32.898080
111 30.120739
112 15.997944
113 24.669621
114 14.412387
115 5.584177
116 29.394856
117 28.882607
118 18.851532
119 10.167301
120 33.738247
121 21.576610
122 12.740218
123 35.808532
124 10.483419
125 33.915949
126 32.200109
127 17.775660
128 27.289498
129 15.759953
130 5.642732
131 32.158691
132 29.455614
133 18.109944
134 8.085723
135 34.430224
136 19.547039
137 9.426210
138 35.502183
139 8.508531
140 34.679423
141 33.937323
