1 0.000000
2 19.807715
3 30.428484
4 16.866183
5 6.165023
6 34.304073
7 2.393895
8 4.042856
9 2.657167
10 2.538621
11 5.131830
12 21.842935
13 20.629792
14 20.362210
15 23.065725
16 30.270639
17 29.925813
18 32.453948
19 17.668644
20 20.449085
21 10.954955
22 4.635184
23 7.598601
24 4.719684
25 3.785379
26 9.406789
27 23.467195
28 20.791073
29 19.760115
30 25.354838
31 29.537001
32 28.449526
33 33.641212
34 17.360671
35 23.117054
36 14.891390
37 6.774931
38 10.923564
39 6.616772
40 4.710940
41 13.280665
42 24.886720
43 20.795264
44 18.789893
45 27.285987
46 28.637973
47 26.601070
48 34.568565
49 16.742408
50 25.464574
51 18.541244
52 8.792913
53 14.016244
54 8.319332
55 5.302423
56 16.740615
57 26.070000
58 20.610800
59 17.490029
60 28.842326
61 27.546308
62 24.394728
63 35.178103
64 15.823086
65 27.435360
66 21.823537
67 10.718479
68 16.916167
69 9.869594
70 5.638328
71 19.900472
72 27.067836
73 20.274446
74 15.934375
75 30.101410
76 26.288078
77 21.914208
78 35.507690
79 14.662035
80 29.096058
81 24.777141
82 12.594463
83 19.718001
84 11.343172
85 5.851578
86 22.916031
87 27.956386
88 19.844986
89 14.243191
90 31.197724
91 24.893680
92 19.255328
93 35.657881
94 13.359340
95 30.578183
96 27.494027
97 14.427423
98 22.456984
99 12.762303
100 5.990226
101 25.847106
102 28.742762
103 19.313742
104 12.441918
105 32.164120
106 23.300706
107 16.395020
108 35.627378
109 11.909835
110 31.888026
111 29.923108
112 16.212573
113 25.134990
114 14.125774
115 6.057119
116 28.701070
117 29.415967
118 18.656382
119 10.514872
120 32.997679
121 21.465089
122 13.305763
123 35.402375
124 10.282284
125 32.999449
126 32.005125
127 17.983731
128 27.774223
129 15.469914
130 6.091973
131 31.502059
132 29.993079
133 17.891484
134 8.477523
135 33.722095
136 19.382643
137 9.974055
138 34.993909
139 8.497934
140 33.933853
141 33.667654
