1 0.000000
2 19.784622
3 30.185363
4 16.772989
5 5.987210
6 34.713385
7 2.363096
8 3.980457
9 2.653429
10 2.454137
11 5.690150
12 21.767742
13 20.567181
14 20.364442
15 23.394692
16 30.094745
17 29.761936
18 32.544711
19 17.557643
20 21.027693
21 10.978484
22 4.598538
23 7.467764
24 4.715778
25 3.706713
26 9.935707
27 23.322160
28 20.750850
29 19.687497
30 25.820194
31 29.371423
32 28.262533
33 33.880976
34 17.393837
35 23.909944
36 15.087875
37 6.736543
38 10.762522
39 6.584959
40 4.598928
41 13.785953
42 24.706459
43 20.732418
44 18.665907
45 27.766094
46 28.455594
47 26.420777
48 34.793533
49 16.919841
50 26.285090
51 18.773891
52 8.749203
53 13.843153
54 8.270675
55 5.129343
56 17.227683
57 25.859164
58 20.539207
59 17.343118
60 29.328307
61 27.359877
62 24.211659
63 35.374981
64 16.052019
65 28.252129
66 22.025999
67 10.669753
68 16.729237
69 9.805819
70 5.438120
71 20.379472
72 26.835291
73 20.190760
74 15.776195
75 30.579233
76 26.116621
77 21.723228
78 35.703679
79 14.897501
80 29.893204
81 24.946460
82 12.542291
83 19.514257
84 11.264380
85 5.642048
86 23.387638
87 27.708030
88 19.747581
89 14.078278
90 31.671950
91 24.746026
92 19.050354
93 35.868431
94 13.593132
95 31.345930
96 27.623489
97 14.373238
98 22.238247
99 12.671648
100 5.780078
101 26.310461
102 28.483030
103 19.207420
104 12.264503
105 32.643125
106 23.175057
107 16.158917
108 35.855177
109 12.133475
110 32.614140
111 29.993485
112 16.161100
113 24.904154
114 14.030754
115 5.857113
116 29.153082
117 29.148194
118 18.552280
119 10.318361
120 33.477523
121 21.335336
122 13.025936
123 35.665670
124 10.470810
125 33.649799
126 32.039920
127 17.945005
128 27.536179
129 15.377860
130 5.906974
131 31.937466
132 29.722519
133 17.775179
134 8.264821
135 34.191705
136 19.284655
137 9.714657
138 35.332615
139 8.581310
140 34.462264
141 33.776247
