1 0.000000
2 19.677509
3 30.265861
4 17.374389
5 6.559900
6 35.713623
7 2.321756
8 4.080450
9 2.753442
10 2.502318
11 6.089912
12 21.874024
13 20.600188
14 20.137539
15 23.541917
16 30.380036
17 30.319492
18 33.024251
19 18.047120
20 21.330634
21 11.764325
22 4.541675
23 7.529239
24 4.997962
25 3.807367
26 10.618103
27 23.468660
28 20.896232
29 19.550514
30 26.379090
31 30.056602
32 28.921158
33 34.816027
34 17.805642
35 24.250829
36 15.862453
37 6.657025
38 10.856222
39 7.000602
40 4.772179
41 14.647516
42 24.876739
43 20.980272
44 18.627699
45 28.676198
46 29.390127
47 27.104251
48 35.830904
49 17.358917
50 26.820356
51 19.687138
52 8.657091
53 13.981505
54 8.780909
55 5.364202
56 18.201233
57 26.060488
58 20.849411
59 17.413423
60 30.462971
61 28.377860
62 24.899213
63 36.402041
64 16.542547
65 28.987360
66 23.070652
67 10.572339
68 16.871525
69 10.366519
70 5.736263
71 21.412005
72 27.047228
73 20.552065
74 15.947021
75 31.746356
76 27.122318
77 22.396132
78 36.738637
79 15.417826
80 30.765169
81 26.078528
82 12.443236
83 19.643868
84 11.851567
85 6.000063
86 24.455613
87 27.912715
88 20.150570
89 14.334343
90 32.828332
91 25.658801
92 19.700833
93 36.917323
94 14.127443
95 32.315715
96 28.826294
97 14.270999
98 22.352243
99 13.272960
100 6.193479
101 27.389848
102 28.668962
103 19.645115
104 12.593019
105 33.787976
106 23.888975
107 16.766107
108 36.919468
109 12.663248
110 33.645291
111 31.300833
112 16.050686
113 25.004053
114 14.634270
115 6.320534
116 30.220093
117 29.319286
118 19.026621
119 10.721774
120 34.604575
121 21.863771
122 13.578045
123 36.736188
124 10.987591
125 34.678172
126 33.472169
127 17.829382
128 27.623753
129 15.979325
130 6.421200
131 32.976128
132 29.886099
133 18.314968
134 8.759512
135 35.295692
136 19.776315
137 10.228901
138 36.400246
139 9.081495
140 35.461683
141 35.191522
