1 0.000000
2 19.812790
3 30.468148
4 16.943997
5 6.301327
6 34.460725
7 2.393523
8 4.016267
9 2.705472
10 2.571515
11 5.163941
12 21.829179
13 20.679065
14 20.406956
15 23.110421
16 30.318380
17 30.026996
18 32.493983
19 17.741263
20 20.504675
21 11.097939
22 4.624114
23 7.585162
24 4.771656
25 3.837183
26 9.450404
27 23.462534
28 20.853648
29 19.807759
30 25.417264
31 29.584821
32 28.567196
33 33.695156
34 17.431185
35 23.164139
36 15.038842
37 6.755991
38 10.921109
39 6.669651
40 4.777834
41 13.350444
42 24.885489
43 20.865350
44 18.843460
45 27.376356
46 28.680921
47 26.736396
48 34.643148
49 16.816968
50 25.508325
51 18.688277
52 8.773056
53 14.019259
54 8.373428
55 5.382697
56 16.826850
57 26.072508
58 20.680280
59 17.554122
60 28.948674
61 27.583346
62 24.537187
63 35.273574
64 15.905094
65 27.491586
66 21.969208
67 10.701414
68 16.923785
69 9.926192
70 5.726900
71 19.998200
72 27.075553
73 20.341429
74 16.007190
75 30.217768
76 26.321066
77 22.059410
78 35.621029
79 14.752668
80 29.173531
81 24.924609
82 12.581121
83 19.731529
84 11.403201
85 5.948354
86 23.025458
87 27.969295
88 19.910022
89 14.323473
90 31.324579
91 24.923707
92 19.401766
93 35.785917
94 13.459337
95 30.677129
96 27.647586
97 14.418202
98 22.477442
99 12.826848
100 6.096546
101 25.968957
102 28.759983
103 19.379270
104 12.529936
105 32.302555
106 23.329818
107 16.540990
108 35.766203
109 12.021064
110 32.006807
111 30.085074
112 16.208453
113 25.162570
114 14.195613
115 6.174536
116 28.835481
117 29.436437
118 18.724662
119 10.611003
120 33.145781
121 21.496059
122 13.443416
123 35.544459
124 10.408002
125 33.139240
126 32.172664
127 17.984791
128 27.807955
129 15.544454
130 6.219883
131 31.648086
132 30.017650
133 17.961418
134 8.583967
135 33.873989
136 19.426102
137 10.102543
138 35.135632
139 8.639950
140 34.095359
141 33.847819
