1 0.000000
2 19.794232
3 30.320855
4 16.983812
5 6.099393
6 34.523194
7 2.386659
8 4.009160
9 2.691954
10 2.628358
11 5.262749
12 21.769652
13 20.745036
14 20.336226
15 23.110781
16 30.219011
17 29.849120
18 32.651781
19 17.863320
20 20.592329
21 11.086486
22 4.627625
23 7.512572
24 4.751866
25 3.866848
26 9.571837
27 23.362393
28 20.929105
29 19.744452
30 25.460946
31 29.509600
32 28.380227
33 33.970431
34 17.541205
35 23.241338
36 15.062063
37 6.771639
38 10.830073
39 6.660422
40 4.762432
41 13.445690
42 24.772950
43 20.931318
44 18.787917
45 27.426486
46 28.627816
47 26.534264
48 34.891535
49 16.912356
50 25.568333
51 18.704881
52 8.789366
53 13.929434
54 8.384340
55 5.315790
56 16.905120
57 25.959755
58 20.750300
59 17.499475
60 28.988829
61 27.547175
62 24.347764
63 35.491433
64 15.990637
65 27.560580
66 21.996940
67 10.713085
68 16.829200
69 9.947971
70 5.629558
71 20.072367
72 26.956666
73 20.412941
74 15.960895
75 30.245876
76 26.302096
77 21.882212
78 35.817628
79 14.822534
80 29.244695
81 24.947081
82 12.587153
83 19.626728
84 11.429936
85 5.826610
86 23.099528
87 27.841304
88 19.978201
89 14.281979
90 31.346240
91 24.922384
92 19.223192
93 35.959343
94 13.508091
95 30.751964
96 27.645010
97 14.418167
98 22.360644
99 12.856445
100 5.950633
101 26.042613
102 28.625977
103 19.437578
104 12.481088
105 32.323100
106 23.341408
107 16.345072
108 35.904472
109 12.038586
110 32.093697
111 30.040455
112 16.202610
113 25.035276
114 14.228950
115 6.006010
116 28.908524
117 29.303288
118 18.771830
119 10.541146
120 33.173472
121 21.512949
122 13.225422
123 35.646655
124 10.373969
125 33.229894
126 32.109522
127 17.974447
128 27.672852
129 15.582168
130 6.032958
131 31.719158
132 29.886213
133 17.996684
134 8.474271
135 33.918150
136 19.460756
137 9.886632
138 35.218235
139 8.527207
140 34.176347
141 33.791326
